1094	"SNHG1"	"SNHG1"	chr11	-	62851977	62852681	62851977	62852436	62852655	62852681	1094	20,24,17	0,0,0	14,31,8	6,1,0	288	69	0.000406151133823	0.04626430642547445	1.0,1.0,1.0	0.359,0.881,1.0	0.253
116	"RPL28"	"RPL28"	chr19	+	55387929	55392083	55387929	55388048	55391553	55392083	116	34,20,365	0,0,1	64,833,261	8,5,0	3574	69	0.000160793640329	0.02238604792580411	1.0,1.0,0.876	0.134,0.763,1.0	0.326
1201	"ZNF431"	"ZNF431"	chr19	+	21182622	21196053	21182622	21184597	21189864	21196053	1201	22,18,167	0,0,1	117,212,106	0,6,2	5336	69	8.48436178632e-05	0.014174540424345279	1.0,1.0,0.683	1.0,0.314,0.407	0.321
1247	"IMP4"	"IMP4"	chr2	+	130345778	130346112	130345778	130345933	130346017	130346112	1247	8,2,1	0,0,1	0,0,0	5,1,4	153	69	1.05814468299e-10	1.0606842302291761e-07	1.0,1.0,0.311	0.0,0.0,0.0	0.77
1288	"ATP2A2"	"ATP2A2"	chr12	+	110346200	110351092	110346200	110346321	110350291	110351092	1288	488,42,4862	0,0,0	3569,2279,4313	14,0,4	4039	69	1.38644877492e-05	0.003365150005968267	1.0,1.0,1.0	0.813,1.0,0.949	0.079
1394	"TMEM91"	"TMEM91"	chr19	+	41383560	41384082	41383560	41383632	41383714	41384082	1394	15,1,431	0,0,0	93,34,285	10,2,2	151	69	2.55633630596e-05	0.005613022943286469	1.0,1.0,1.0	0.81,0.886,0.985	0.106
1397	"TMEM91"	"TMEM91"	chr19	+	41383560	41384082	41383560	41383632	41383885	41384082	1397	96,2,1597	0,0,3	566,566,871	14,6,3	322	69	4.41203686579e-05	0.008190047693088696	1.0,1.0,0.991	0.897,0.953,0.984	0.052
1458	"RPL8"	"RPL8"	chr8	-	144791991	144792390	144791991	144792140	144792265	144792390	1458	21,5,44	0,0,0	41,106,34	3,5,1	194	69	0.000308577201576	0.03772168132436371	1.0,1.0,1.0	0.829,0.883,0.924	0.121
165	"AP1G2"	"AP1G2"	chr14	-	23565815	23566160	23565815	23565892	23566063	23566160	165	6,20,2	0,0,4	0,6,2	12,6,4	240	69	0.000155243047213	0.0222308043609016	1.0,1.0,0.126	0.0,0.223,0.126	0.592
1919	"RPL13"	"RPL13"	chr16	+	89561577	89561751	89561577	89561598	89561739	89561751	1919	736,100,640	23,0,9	1252,1482,876	3,18,3	210	69	6.34628047906e-05	0.0113598420575174	0.913,1.0,0.959	0.993,0.964,0.99	-0.025
233	"SEC14L1"	"SEC14L1"	chr17	+	77213917	77217099	77213917	77214019	77216548	77217099	233	1206,23,32620	0,0,15	11567,8284,13746	33,6,22	2598	69	1.19500821683e-07	5.4448919843199634e-05	1.0,1.0,0.983	0.903,0.973,0.943	0.055
2429	"TLN1"	"TLN1"	chr9	-	35698257	35698679	35698257	35698505	35698616	35698679	2429	39,0,1511	2142,11,20114	515,593,2139	17581,3818,20432	180	69	2.57580861324e-05	0.005613022943286469	0.007,0.0,0.028	0.011,0.056,0.039	-0.024
2439	"TLN1"	"TLN1"	chr9	-	35705369	35705851	35705369	35705670	35705749	35705851	2439	98,0,1195	1650,5,10030	741,287,1210	16908,4389,18769	148	69	4.09674728652e-06	0.0011407165222243466	0.027,0.0,0.053	0.02,0.03,0.029	0.0
2454	"TLN1"	"TLN1"	chr9	-	35714238	35714654	35714238	35714373	35714573	35714654	2454	106,0,2592	1055,18,7508	809,144,1651	9332,3073,12699	269	69	1.11022302463e-16	5.56443779944556e-13	0.025,0.0,0.081	0.022,0.012,0.032	0.013
2698	"CPNE5"	"CPNE5"	chr6	-	36740775	36742486	36740775	36741750	36742223	36742486	2698	162,11,1032	0,0,3	1557,640,1598	24,9,5	542	69	9.09232332895e-05	0.014240851413967939	1.0,1.0,0.978	0.892,0.901,0.976	0.07
2830	"MYL6"	"MYL6"	chr12	+	56160024	56160320	56160024	56160148	56160242	56160320	2830	168,0,1366	1867,14,17425	1691,461,1055	22315,11956,20980	163	69	3.96778048506e-05	0.007648659919661815	0.037,0.0,0.032	0.031,0.016,0.021	0.0
2938	"THBS1"	"THBS1"	chr15	+	39583965	39584422	39583965	39584187	39584299	39584422	2938	41,0,448	1371,5,3744	175,140,431	7828,3624,8638	181	69	4.51794157641e-11	5.6609807952417296e-08	0.011,0.0,0.044	0.008,0.015,0.019	0.004
3105	"PPP2R5A"	"PPP2R5A"	chr1	+	212356625	212357044	212356625	212356676	212356962	212357044	3105	14,14,13	10,0,5	66,29,15	0,0,0	355	69	1.76441422362e-07	7.3693700739862e-05	0.214,1.0,0.336	1.0,1.0,1.0	-0.483
3165	"GNAS"	"GNAS"	chr20	+	58909683	58910085	58909683	58909804	58909950	58910085	3165	476,0,1786	4214,3,23288	2274,1339,1580	20385,8205,12747	215	69	0.000182266885375	0.02404004288156579	0.035,0.0,0.024	0.035,0.05,0.038	-0.021
3230	"RIT1"	"RIT1"	chr1	-	155904405	155904804	155904405	155904498	155904730	155904804	3230	6,3,142	0,0,3	12,108,53	7,7,5	301	69	8.07997477357e-05	0.013964425367287186	1.0,1.0,0.916	0.282,0.78,0.708	0.382
3297	"CALM3"	"CALM3"	chr19	+	46607865	46608340	46607865	46608088	46608196	46608340	3297	104,1,1177	0,0,9	663,634,615	36,1,9	177	69	0.00010030904967	0.015234816877152725	1.0,1.0,0.981	0.878,0.996,0.964	0.048
3440	"GAPDH"	"GAPDH"	chr12	+	6536523	6536790	6536523	6536593	6536683	6536790	3440	45,0,423	915,31,4367	313,231,230	11297,5406,3776	159	69	6.77837528329e-08	3.3973216919849475e-05	0.021,0.0,0.04	0.012,0.018,0.026	0.002
3526	"SUGP2"	"SUGP2"	chr19	-	18990892	18993740	18990892	18991742	18993647	18993740	3526	27,8,81	2,0,3	56,49,93	0,0,1	1974	69	0.000173332963275	0.023479589511737838	0.321,1.0,0.486	1.0,1.0,0.765	-0.319
358	"UNKL"	"UNKL"	chr16	-	1363204	1366395	1363204	1364255	1366017	1366395	358	2,0,174	8,9,1	86,90,146	0,0,0	1831	69	6.27276008913e-14	1.571953678335978e-10	0.009,0.0,0.868	1.0,1.0,1.0	-0.708
3652	"MTMR14"	"MTMR14"	chr3	+	9684803	9685247	9684803	9684964	9685210	9685247	3652	8,6,5	0,0,30	3,1,1	35,16,21	315	69	3.8458494118e-05	0.007648659919661815	1.0,1.0,0.035	0.018,0.014,0.01	0.664
3715	"EMC3"	"EMC3"	chr3	-	9976981	9977446	9976981	9977050	9977388	9977446	3715	10,0,580	59,8,806	107,380,73	733,922,179	407	69	0.000417362979769	0.046484961213382844	0.028,0.0,0.109	0.024,0.065,0.065	-0.006
3913	"TRAM1"	"TRAM1"	chr8	-	70586894	70587172	70586894	70586999	70587105	70587172	3913	4,0,263	251,1,1472	89,186,35	4264,1398,513	175	69	5.05269437401e-09	3.6177291717911603e-06	0.006,0.0,0.066	0.008,0.05,0.026	-0.004
3954	"SSR4"	"SSR4"	chrX	+	153797672	153798136	153797672	153797814	153798070	153798136	3954	9,0,162	63,6,1070	22,51,111	1645,639,768	325	69	6.61939280611e-07	0.00023697426245873797	0.029,0.0,0.031	0.003,0.017,0.03	0.003
3982	"BSG"	"BSG"	chr19	+	580312	580782	580312	580461	580645	580782	3982	10,0,267	128,8,1175	20,40,125	735,342,872	253	69	7.54780964174e-07	0.0002521974794960059	0.021,0.0,0.058	0.007,0.031,0.038	0.001
4051	"GRAP2"	"GRAP2"	chr22	+	39959812	39960174	39959812	39959852	39960054	39960174	4051	98,15,1151	0,0,22	824,597,301	26,43,15	271	69	1.40997905278e-05	0.003365150005968267	1.0,1.0,0.93	0.89,0.779,0.836	0.142
4096	"MEST"	"MEST"	chr7	+	130497990	130498275	130497990	130498013	130498138	130498275	4096	12,0,154	88,3,776	118,392,216	739,840,332	194	69	1.35537067976e-05	0.003365150005968267	0.046,0.0,0.066	0.054,0.142,0.188	-0.091
4299	"ODC1"	"ODC1"	chr2	-	10441837	10442174	10441837	10441929	10442011	10442174	4299	17,0,335	440,1,3471	241,78,120	8560,3412,2306	151	69	2.01327843286e-12	3.3635171684981063e-09	0.017,0.0,0.042	0.013,0.01,0.023	0.004
4398	"TMBIM1"	"TMBIM1"	chr2	-	218279037	218279329	218279037	218279091	218279288	218279329	4398	17,0,470	296,1,2155	74,149,148	2606,1368,1018	266	69	7.69981334248e-09	4.82393305906372e-06	0.015,0.0,0.054	0.007,0.027,0.036	-0.0
459	"CD164"	"CD164"	chr6	-	109366513	109369017	109366513	109368325	109368921	109369017	459	378,37,6852	0,0,1	5649,3866,2738	32,26,2	665	69	1.78692705077e-09	1.4926797297432066e-06	1.0,1.0,0.999	0.948,0.939,0.993	0.04
5144	"PPP4R3B"	"PPP4R3B"	chr2	-	55564901	55565211	55564901	55565041	55565155	55565211	5144	4,7,11	0,0,1	15,16,12	4,6,0	183	69	0.000119672771078	0.01764117437185106	1.0,1.0,0.806	0.586,0.501,1.0	0.24
5245	"BROX"	"BROX"	chr1	+	222718911	222719359	222718911	222719031	222719262	222719359	5245	6,0,84	48,9,410	27,73,14	594,535,118	300	69	0.000258857742554	0.03243487514201619	0.028,0.0,0.045	0.01,0.03,0.027	0.002
5302	"MBD4"	"MBD4"	chr3	-	129433849	129434133	129433849	129433984	129434061	129434133	5302	0,0,1	7,4,20	10,4,7	46,50,30	146	69	0.000388917603777	0.045331512328612183	0.0,0.0,0.023	0.093,0.036,0.099	-0.068
542	"ATP2A3"	"ATP2A3"	chr17	-	3923872	3925441	3923872	3924801	3925395	3925441	542	681,7,21585	0,0,56	9260,4898,26090	49,75,115	663	69	1.72196054082e-08	9.5894069228776e-06	1.0,1.0,0.976	0.952,0.872,0.959	0.064
5583	"KHDC4"	"KHDC4"	chr1	-	155929295	155929745	155929295	155929375	155929711	155929745	5583	0,0,2	3,16,9	0,25,0	27,23,2	405	69	0.000364100322733	0.043449305179471334	0.0,0.0,0.036	0.0,0.156,0.0	-0.04
5790	"TBPL1"	"TBPL1"	chr6	+	133982550	133982880	133982550	133982650	133982816	133982880	5790	5,8,58	37,10,342	27,40,14	714,549,195	235	69	1.58608616274e-06	0.00046761552045016945	0.038,0.19,0.047	0.011,0.021,0.021	0.074
5813	"TNPO2"	"TNPO2"	chr19	-	12715242	12715710	12715242	12715324	12715404	12715710	5813	8,5,19	0,0,31	3,6,14	48,14,25	149	69	0.00024395145157	0.03135088910945743	1.0,1.0,0.221	0.028,0.166,0.206	0.607
605	"STX10"	"STX10"	chr19	-	13144057	13144671	13144057	13144486	13144576	13144671	605	0,0,0	3,8,9	0,6,3	6,8,6	159	69	8.94812445772e-05	0.014240851413967939	0.0,0.0,0.0	0.0,0.246,0.178	-0.141
6375	"PIH1D1"	"PIH1D1"	chr19	-	49447826	49448059	49447826	49447908	49448000	49448059	6375	3,12,9	23,10,57	1,3,3	90,74,58	161	69	1.18302013608e-06	0.00037058105762706	0.053,0.34,0.063	0.005,0.017,0.022	0.137
638	"ANKRD28"	"ANKRD28"	chr3	-	15796395	15797979	15796395	15796446	15797048	15797979	638	1741,3,20693	14,0,56	15197,17852,4016	159,86,10	671	69	3.20880437863e-05	0.006701053144038983	0.927,1.0,0.974	0.908,0.955,0.976	0.021
6439	"ACRBP"	"ACRBP"	chr12	-	6638587	6639037	6638587	6638821	6638953	6639037	6439	526,6,3692	0,0,19	5378,5006,1338	87,66,11	201	69	3.511713208e-07	0.00013539005075766155	1.0,1.0,0.985	0.955,0.963,0.977	0.03
