ID	GeneID	geneSymbol	chr	strand	longExonStart_0base	longExonEnd	shortES	shortEE	flankingES	flankingEE	ID	IJC_SAMPLE_1	SJC_SAMPLE_1	IJC_SAMPLE_2	SJC_SAMPLE_2	IncFormLen	SkipFormLen	PValue	FDR	IncLevel1	IncLevel2	IncLevelDifference
10036	"DAPP1"	"DAPP1"	chr4	+	99865725	99866121	99866034	99866121	99863769	99863855	10036	30,2,3	0,0,0	61,12,2	10,0,0	378	69	0.00015439566001	0.01648958201399484	1.0,1.0,1.0	0.527,1.0,1.0	0.158
10040	"DAPP1"	"DAPP1"	chr4	+	99865795	99866121	99866034	99866121	99863769	99863855	10040	33,9,19	0,0,0	70,36,18	10,0,0	308	69	0.000124406647191	0.01439883630682442	1.0,1.0,1.0	0.611,1.0,1.0	0.13
10130	"MARK2"	"MARK2"	chr11	+	63895579	63895633	63895583	63895633	63895158	63895338	10130	7,13,20	0,0,0	43,18,6	12,0,0	73	69	7.53764858026e-05	0.010341205291868013	1.0,1.0,1.0	0.772,1.0,1.0	0.076
10176	"SRSF10"	"SRSF10"	chr1	-	23971337	23971634	23971337	23971620	23971849	23972012	10176	5,5,2	0,0,0	7,7,4	2,4,0	83	69	0.000831779704626	0.0464964854885934	1.0,1.0,1.0	0.744,0.593,1.0	0.221
10177	"SRSF10"	"SRSF10"	chr1	-	23971337	23971661	23971337	23971620	23971849	23972012	10177	5,5,5	0,0,0	8,13,2	2,4,0	110	69	0.000596575224775	0.03696655868045654	1.0,1.0,1.0	0.715,0.671,1.0	0.205
10178	"SRSF10"	"SRSF10"	chr1	-	23971337	23971682	23971337	23971620	23971849	23972012	10178	5,6,3	0,0,0	8,7,2	2,4,0	131	69	0.000192840641893	0.0186268462663779	1.0,1.0,1.0	0.678,0.48,1.0	0.281
10279	"MBNL1"	"MBNL1"	chr3	+	152395985	152396224	152396166	152396224	152268928	152269092	10279	8,27,20	0,0,0	83,13,12	4,5,2	250	69	3.65755358001e-07	0.00035510532383831563	1.0,1.0,1.0	0.851,0.418,0.623	0.369
10403	"PIK3CD"	"PIK3CD"	chr1	+	9717456	9717626	9717536	9717626	9717045	9717108	10403	0,0,0	8,11,12	9,2,0	3,6,6	149	69	0.000187718984993	0.018471688736783107	0.0,0.0,0.0	0.581,0.134,0.0	-0.238
10406	"MTG1"	"MTG1"	chr10	+	133399098	133399226	133399169	133399226	133398434	133398515	10406	0,0,2	12,20,42	10,11,1	23,68,29	140	69	5.30843806986e-05	0.008504182524965353	0.0,0.0,0.023	0.176,0.074,0.017	-0.081
10538	"CCT8"	"CCT8"	chr21	-	29069422	29069504	29069422	29069502	29070246	29070337	10538	0,0,1	26,43,35	13,5,2	81,38,20	71	69	1.595096214e-06	0.0009524537006914091	0.0,0.0,0.027	0.135,0.113,0.089	-0.103
10600	"GRK4"	"GRK4"	chr4	+	2988452	2988839	2988726	2988839	2984512	2984608	10600	0,0,0	6,27,31	19,3,1	31,58,16	343	69	0.000121619392795	0.014138523481871836	0.0,0.0,0.0	0.11,0.01,0.012	-0.044
10633	"SWT1"	"SWT1"	chr1	+	185184242	185184344	185184318	185184344	185181945	185182057	10633	61,81,81	0,0,0	118,135,44	12,0,0	145	69	0.000258722683554	0.022069548912383902	1.0,1.0,1.0	0.824,1.0,1.0	0.059
10825	"BIN2"	"BIN2"	chr12	-	51287883	51288032	51287883	51288029	51288107	51288188	10825	5,5,11	0,0,0	54,11,27	6,5,1	72	69	0.000130055811042	0.014700651486159599	1.0,1.0,1.0	0.896,0.678,0.963	0.154
10859	"PCNP"	"PCNP"	chr3	+	101590184	101590270	101590216	101590270	101585482	101585511	10859	21,155,140	0,2,1	46,243,138	10,16,1	101	69	1.26782278626e-05	0.00378517137084193	1.0,0.981,0.99	0.759,0.912,0.99	0.103
10861	"PCNP"	"PCNP"	chr3	+	101590193	101590270	101590216	101590270	101585482	101585511	10861	21,155,139	0,2,1	45,243,138	10,16,1	92	69	1.38878242725e-05	0.003923385022703145	1.0,0.983,0.99	0.771,0.919,0.99	0.098
10911	"CORO1C"	"CORO1C"	chr12	-	108653037	108653201	108653037	108653172	108654305	108654410	10911	33,3,5	0,1,1	35,20,1	18,2,0	98	69	0.000592175678329	0.03696655868045654	1.0,0.679,0.779	0.578,0.876,1.0	0.001
10973	"NUDC"	"NUDC"	chr1	+	26942656	26942776	26942659	26942776	26941752	26941818	10973	0,0,0	12,44,33	8,0,2	24,27,16	72	69	5.2995723526e-05	0.008504182524965353	0.0,0.0,0.0	0.242,0.0,0.107	-0.116
10991	"GALK2"	"GALK2"	chr15	+	49235624	49235941	49235850	49235941	49217189	49217313	10991	2,3,12	30,20,33	43,21,2	36,42,15	295	69	0.000296826848868	0.02392187668806431	0.015,0.034,0.078	0.218,0.105,0.03	-0.075
1120	"GAS5"	"GAS5"	chr1	-	173863898	173864079	173863898	173864075	173864256	173864304	1120	0,3,1	34,43,34	28,5,2	87,96,14	73	69	8.40680570243e-05	0.010827059128428598	0.0,0.062,0.027	0.233,0.047,0.119	-0.103
11268	"CHD9"	"CHD9"	chr16	+	53321162	53321630	53321525	53321630	53318211	53318340	11268	15,9,8	4,99,65	16,6,2	236,88,95	432	69	0.000549047959262	0.03535572802375129	0.375,0.014,0.019	0.011,0.011,0.003	0.128
11270	"CD22"	"CD22"	chr19	+	35331926	35332074	35332018	35332074	35329186	35329230	11270	6,3,3	0,9,5	1,0,0	3,6,1	161	69	0.000167092757671	0.017015612489496835	1.0,0.125,0.205	0.125,0.0,0.0	0.402
11323	"SPATA1"	"SPATA1"	chr1	+	84533708	84533766	84533712	84533766	84532859	84532974	11323	6,7,5	0,1,0	6,6,2	6,3,1	73	69	4.1194739947e-06	0.001945992377334469	1.0,0.869,1.0	0.486,0.654,0.654	0.358
11442	"IRAK4"	"IRAK4"	chr12	+	43770686	43771104	43771093	43771104	43768102	43768272	11442	20,27,21	0,0,0	14,36,10	6,3,2	476	69	6.16561246503e-11	8.09945681468666e-07	1.0,1.0,1.0	0.253,0.635,0.42	0.564
11443	"IRAK4"	"IRAK4"	chr12	+	43771037	43771104	43771046	43771104	43768102	43768272	11443	21,11,21	0,1,0	13,27,4	14,1,0	78	69	0.000620396694648	0.03747053415744116	1.0,0.907,1.0	0.451,0.96,1.0	0.165
11444	"IRAK4"	"IRAK4"	chr12	+	43771037	43771104	43771093	43771104	43768102	43768272	11444	41,35,39	0,0,0	27,57,13	6,3,2	125	69	3.0266361456e-06	0.0015292079125644	1.0,1.0,1.0	0.713,0.913,0.782	0.197
11445	"IRAK4"	"IRAK4"	chr12	+	43771046	43771104	43771093	43771104	43768102	43768272	11445	20,25,18	0,0,0	28,31,9	6,3,2	116	69	1.84569170636e-06	0.0010541708304607888	1.0,1.0,1.0	0.735,0.86,0.728	0.226
11450	"IRAK4"	"IRAK4"	chr12	+	43786398	43786557	43786402	43786557	43783661	43783724	11450	15,39,67	0,0,0	118,50,37	12,2,1	73	69	8.27762060314e-05	0.010827059128428598	1.0,1.0,1.0	0.903,0.959,0.972	0.055
1146	"EIF4ENIF1"	"EIF4ENIF1"	chr22	-	31447425	31447568	31447425	31447565	31448152	31448232	1146	3,10,10	19,27,51	42,39,4	66,59,8	72	69	0.000312493100458	0.024581231222553995	0.131,0.262,0.158	0.379,0.388,0.324	-0.18
11485	"ELF2"	"ELF2"	chr4	-	139116648	139116807	139116648	139116751	139117828	139117950	11485	3,4,15	0,0,0	0,18,2	14,0,2	125	69	9.93747954481e-07	0.0007013831123188602	1.0,1.0,1.0	0.0,1.0,0.356	0.548
11543	"PLEKHJ1"	"PLEKHJ1"	chr19	-	2233995	2234240	2233995	2234061	2235761	2235828	11543	21,112,79	0,0,0	120,125,71	12,1,1	248	69	1.57855323216e-05	0.00425119580688855	1.0,1.0,1.0	0.736,0.972,0.952	0.113
11565	"FOCAD"	"FOCAD"	chr9	+	20885087	20885230	20885146	20885230	20881870	20882056	11565	4,0,2	2,1,5	16,4,2	1,1,0	128	69	4.94918070715e-06	0.002027372388971532	0.519,0.0,0.177	0.896,0.683,1.0	-0.628
11634	"EVI5"	"EVI5"	chr1	-	92636201	92636356	92636201	92636336	92665938	92665992	11634	0,0,0	2,9,11	15,0,0	25,24,6	89	69	0.000160523818616	0.016669732357700272	0.0,0.0,0.0	0.317,0.0,0.0	-0.106
11712	"PHF21A"	"PHF21A"	chr11	-	46117921	46118145	46117921	46118114	46118741	46118800	11712	2,6,2	0,0,0	0,1,0	4,0,1	100	69	8.21369264048e-07	0.0006347010198333265	1.0,1.0,1.0	0.0,1.0,0.0	0.667
11954	"XPR1"	"XPR1"	chr1	+	180803387	180803611	180803389	180803611	180787752	180787854	11954	54,75,79	0,0,0	166,93,69	16,0,0	71	69	0.000417504590368	0.029540151580909807	1.0,1.0,1.0	0.91,1.0,1.0	0.03
12028	"SENP6"	"SENP6"	chr6	+	75666711	75666941	75666779	75666941	75663220	75663518	12028	136,216,314	0,0,1	796,648,181	19,10,0	137	69	0.00027375507948	0.022806981245595975	1.0,1.0,0.994	0.955,0.97,1.0	0.023
12031	"SENP6"	"SENP6"	chr6	+	75666724	75666941	75666779	75666941	75663220	75663518	12031	2,9,9	0,0,1	42,25,7	19,10,0	124	69	3.12507293262e-05	0.006675206598270346	1.0,1.0,0.834	0.552,0.582,1.0	0.233
1205	"SECISBP2"	"SECISBP2"	chr9	+	89325426	89325676	89325547	89325676	89319651	89319797	1205	6,1,10	1,1,3	46,30,2	0,0,0	190	69	0.000433384314544	0.030202403437704275	0.685,0.266,0.548	1.0,1.0,1.0	-0.5
12133	"BIRC6"	"BIRC6"	chr2	+	32469394	32469614	32469412	32469614	32468436	32468783	12133	1,18,22	0,3,4	59,18,24	0,0,1	87	69	0.000616078895849	0.03747053415744116	1.0,0.826,0.814	1.0,1.0,0.95	-0.103
12320	"GPBP1"	"GPBP1"	chr5	+	57249408	57249576	57249456	57249576	57247074	57247215	12320	404,226,401	4,1,3	1497,857,152	44,13,0	117	69	0.000322816999867	0.02501879362096074	0.983,0.993,0.987	0.953,0.975,1.0	0.012
12337	"WWC3"	"WWC3"	chrX	+	10122618	10122739	10122621	10122739	10117123	10117689	12337	15,35,47	0,0,0	66,23,47	8,0,3	72	69	0.00038464414835	0.027916452236462844	1.0,1.0,1.0	0.888,1.0,0.938	0.058
12473	"RIPOR2"	"RIPOR2"	chr6	-	24839365	24839599	24839365	24839596	24842861	24843554	12473	28,63,55	7,6,6	92,85,14	0,5,0	72	69	0.000107579564733	0.012851916956708702	0.793,0.91,0.898	1.0,0.942,1.0	-0.114
12514	"SCO1"	"SCO1"	chr17	-	10695740	10695834	10695740	10695831	10697234	10697533	12514	0,0,4	2,4,1	16,0,1	0,2,0	72	69	0.000581953367517	0.03666585329682048	0.0,0.0,0.793	1.0,0.0,1.0	-0.402
12567	"SPAST"	"SPAST"	chr2	+	32137093	32137188	32137108	32137188	32136876	32136968	12567	0,0,1	15,48,30	4,10,1	69,56,35	84	69	0.000247743536345	0.021340871902925197	0.0,0.0,0.027	0.045,0.128,0.023	-0.056
12573	"MYCBP2"	"MYCBP2"	chr13	-	77118339	77118519	77118339	77118495	77121372	77121495	12573	0,3,0	9,16,14	4,11,2	21,19,5	93	69	0.000222456971427	0.020096925530767414	0.0,0.122,0.0	0.124,0.3,0.229	-0.177
12574	"MYCBP2"	"MYCBP2"	chr13	-	77126317	77126542	77126317	77126485	77139195	77139336	12574	5,20,24	0,1,0	29,25,11	6,3,3	126	69	1.21300337365e-05	0.00378517137084193	1.0,0.916,1.0	0.726,0.82,0.668	0.234
12695	"ZNF148"	"ZNF148"	chr3	-	125313307	125313656	125313307	125313652	125323308	125323444	12695	57,137,77	0,3,0	256,186,48	24,1,0	73	69	0.000375191192932	0.027611759697205706	1.0,0.977,1.0	0.91,0.994,1.0	0.024
12749	"TBC1D14"	"TBC1D14"	chr4	+	6996319	6996402	6996324	6996402	6994183	6994302	12749	32,46,79	404,509,586	42,93,21	1087,1320,277	74	69	8.69142661785e-05	0.011084944249066654	0.069,0.078,0.112	0.035,0.062,0.066	0.032
12825	"ZNRF3-AS1"	"ZNRF3-AS1"	chr22	-	29031083	29031196	29031083	29031156	29031390	29031476	12825	6,2,3	0,0,4	4,5,0	43,7,1	109	69	0.000128915781413	0.01466987987475068	1.0,1.0,0.322	0.056,0.311,0.0	0.652
12897	"KIF23"	"KIF23"	chr15	+	69436563	69436722	69436592	69436722	69436137	69436261	12897	12,8,11	0,0,1	16,30,7	14,6,0	98	69	3.68094583356e-05	0.007158484793380502	1.0,1.0,0.886	0.446,0.779,1.0	0.22
13026	"AGFG1"	"AGFG1"	chr2	+	227536590	227536704	227536624	227536704	227534844	227535025	13026	0,0,2	20,35,31	6,6,6	121,14,45	103	69	0.000581229565169	0.03666585329682048	0.0,0.0,0.041	0.032,0.223,0.082	-0.099
13080	"POLDIP3"	"POLDIP3"	chr22	-	42599697	42599852	42599697	42599793	42601969	42602107	13080	1,0,0	8,8,21	15,1,0	15,23,13	128	69	0.000375041334882	0.027611759697205706	0.063,0.0,0.0	0.35,0.023,0.0	-0.103
13125	"PPP2R5A"	"PPP2R5A"	chr1	+	212345778	212345933	212345789	212345933	212342187	212342280	13125	6,1,2	3,4,5	0,0,0	24,20,2	80	69	6.56815946742e-07	0.0005566621086694376	0.633,0.177,0.257	0.0,0.0,0.0	0.356
13153	"TMEM39B"	"TMEM39B"	chr1	+	32075602	32075822	32075666	32075822	32074950	32075077	13153	53,91,85	0,0,1	188,115,42	16,1,0	133	69	7.32844408901e-05	0.010274273393012526	1.0,1.0,0.978	0.859,0.984,1.0	0.045
13196	"LRRFIP2"	"LRRFIP2"	chr3	-	37172797	37173026	37172797	37173023	37174538	37174605	13196	4,14,23	0,1,0	27,16,36	14,1,2	72	69	7.30993537292e-05	0.010274273393012526	1.0,0.931,1.0	0.649,0.939,0.945	0.133
13254	"NUTM2B-AS1"	"NUTM2B-AS1"	chr10	-	79723914	79724036	79723914	79724012	79766270	79766324	13254	0,1,0	5,6,14	13,1,2	30,5,4	93	69	9.9449625488e-06	0.00326605001305778	0.0,0.11,0.0	0.243,0.129,0.271	-0.178
133	"SNX27"	"SNX27"	chr1	+	151693592	151699080	151694369	151699080	151693423	151693483	133	16,37,30	4,5,10	21,41,26	1,2,0	846	69	0.000429679406817	0.030023848551337873	0.246,0.376,0.197	0.631,0.626,1.0	-0.479
13327	"OSBPL1A"	"OSBPL1A"	chr18	-	24366891	24366982	24366891	24366966	24368286	24368372	13327	0,0,0	4,12,9	0,8,3	11,34,24	85	69	0.000155280552419	0.016516947180989422	0.0,0.0,0.0	0.0,0.16,0.092	-0.084
13329	"SCLT1"	"SCLT1"	chr4	-	128946006	128946164	128946006	128946152	128948495	128948570	13329	3,0,4	28,106,122	47,16,3	75,578,78	81	69	0.000716354574977	0.041638902098165315	0.084,0.0,0.027	0.348,0.023,0.032	-0.097
13596	"ACD"	"ACD"	chr16	-	67658719	67658832	67658719	67658816	67658927	67659079	13596	0,0,1	1,33,25	20,2,0	30,38,15	85	69	6.01806443554e-05	0.009231619962386577	0.0,0.0,0.031	0.351,0.041,0.0	-0.12
13627	"LOC110117498-PIK3R3"	"LOC110117498-PIK3R3"	chr1	-	46066910	46067091	46066910	46066964	46077514	46077613	13627	5,47,39	5,0,2	72,67,14	0,0,0	196	69	0.000820259128446	0.04614704086008942	0.26,1.0,0.873	1.0,1.0,1.0	-0.289
13655	"PARP1"	"PARP1"	chr1	-	226381067	226381539	226381067	226381208	226383035	226383183	13655	0,0,0	6,14,11	16,0,0	11,11,17	400	69	0.000617111928214	0.03747053415744116	0.0,0.0,0.0	0.201,0.0,0.0	-0.067
13690	"WAC"	"WAC"	chr10	+	28610698	28610821	28610707	28610821	28608185	28608431	13690	49,53,73	0,1,0	304,89,30	18,8,0	78	69	3.20370170688e-05	0.006737741682731697	1.0,0.979,1.0	0.937,0.908,1.0	0.045
13773	"UBR4"	"UBR4"	chr1	-	19145792	19145933	19145792	19145930	19146825	19147000	13773	4,48,51	3,9,4	76,41,47	2,1,1	72	69	0.000176306865434	0.017545872255861676	0.561,0.836,0.924	0.973,0.975,0.978	-0.202
13872	"MAP3K7CL"	"MAP3K7CL"	chr21	+	29165598	29165714	29165666	29165714	29159940	29160056	13872	2,3,10	0,0,0	3,26,1	1,6,0	137	69	0.000231277352173	0.020189823256649427	1.0,1.0,1.0	0.602,0.686,1.0	0.237
14075	"TRPM7"	"TRPM7"	chr15	-	50574273	50574479	50574273	50574444	50574636	50574719	14075	14,16,25	6,2,3	76,39,15	0,2,1	104	69	5.11162812226e-05	0.00839361285350856	0.608,0.841,0.847	1.0,0.928,0.909	-0.18
14078	"KRCC1"	"KRCC1"	chr2	-	88034133	88034309	88034133	88034231	88036942	88037051	14078	6,9,4	4,14,14	21,40,8	2,10,1	147	69	1.08305446112e-06	0.0007296176886411733	0.413,0.232,0.118	0.831,0.652,0.79	-0.503
14191	"EXOC5"	"EXOC5"	chr14	-	57231505	57231715	57231505	57231612	57232666	57232749	14191	66,131,107	0,1,0	372,238,92	5,13,2	172	69	0.000103321648141	0.012509537611099046	1.0,0.981,1.0	0.968,0.88,0.949	0.061
142	"CDC16"	"CDC16"	chr13	+	114236798	114236896	114236801	114236896	114234844	114235132	142	5,48,54	0,1,1	69,36,19	8,2,3	72	69	0.000353838322503	0.02686819146566855	1.0,0.979,0.981	0.892,0.945,0.859	0.088
14261	"LYPLA2"	"LYPLA2"	chr1	+	23792973	23793039	23793007	23793039	23792656	23792760	14261	0,0,1	7,15,15	3,4,10	40,26,17	103	69	7.59659201968e-05	0.010341205291868013	0.0,0.0,0.043	0.048,0.093,0.283	-0.127
14289	"AK1"	"AK1"	chr9	-	127868320	127868512	127868320	127868475	127871822	127871939	14289	3,31,63	0,0,0	84,12,103	14,1,1	106	69	2.15064675807e-05	0.005183847915116799	1.0,1.0,1.0	0.796,0.887,0.985	0.111
14334	"DNAH14"	"DNAH14"	chr1	+	225007412	225007544	225007420	225007544	225002782	225002927	14334	16,18,22	0,1,0	105,46,16	18,0,0	77	69	0.000358984779839	0.02710231931238519	1.0,0.942,1.0	0.839,1.0,1.0	0.034
14642	"SLC38A6"	"SLC38A6"	chr14	+	61048150	61048297	61048247	61048297	61046066	61046167	14642	1,2,0	6,0,1	10,20,1	0,1,0	166	69	6.59966643468e-06	0.002477043374833538	0.065,1.0,0.0	1.0,0.893,1.0	-0.609
14762	"SH3BGRL2"	"SH3BGRL2"	chr6	+	79654494	79654761	79654722	79654761	79631328	79631506	14762	0,5,8	1,1,3	4,3,9	0,1,0	297	69	3.96336712487e-05	0.007437824605122107	0.0,0.537,0.383	1.0,0.411,1.0	-0.497
14798	"AP2B1"	"AP2B1"	chr17	+	35593985	35594067	35594007	35594067	35587321	35587428	14798	3,45,26	30,283,187	28,18,14	396,293,182	91	69	0.00022794822853	0.020096925530767414	0.07,0.108,0.095	0.051,0.045,0.055	0.041
14837	"ELF1"	"ELF1"	chr13	-	40949805	40950006	40949805	40949957	40951328	40951436	14837	0,0,3	4,5,3	17,9,1	0,3,2	118	69	4.11177206563e-05	0.007554446676943846	0.0,0.0,0.369	1.0,0.637,0.226	-0.498
14844	"ELF1"	"ELF1"	chr13	-	40951328	40951698	40951328	40951692	40958835	40959016	14844	4,2,1	0,2,0	4,0,1	14,3,1	75	69	1.70552197265e-05	0.004461061026863742	1.0,0.479,1.0	0.208,0.0,0.479	0.597
14845	"ELF1"	"ELF1"	chr13	-	40951328	40951701	40951328	40951692	40958835	40959016	14845	6,17,11	0,2,0	40,14,8	14,3,1	78	69	9.28791115188e-05	0.011645513311819159	1.0,0.883,1.0	0.717,0.805,0.876	0.162
14923	"VDAC2"	"VDAC2"	chr10	+	75210848	75211189	75211133	75211189	75210541	75210716	14923	1,22,24	0,0,0	68,23,38	10,1,0	354	69	1.36500359286e-05	0.0038981238473055194	1.0,1.0,1.0	0.57,0.818,1.0	0.204
14939	"TMBIM4"	"TMBIM4"	chr12	-	66145840	66145974	66145840	66145958	66147907	66147941	14939	2,0,1	30,84,110	19,0,0	112,104,74	85	69	0.000879310753429	0.048432141351866076	0.051,0.0,0.007	0.121,0.0,0.0	-0.021
15161	"ATXN2L"	"ATXN2L"	chr16	+	28836727	28837237	28836750	28837237	28836325	28836485	15161	7,9,8	0,0,0	29,2,10	2,0,6	92	69	0.000189599472916	0.018537772866562212	1.0,1.0,1.0	0.916,1.0,0.556	0.176
15167	"DAD1"	"DAD1"	chr14	-	22571878	22572004	22571878	22571964	22575058	22575233	15167	1,2,2	16,29,14	16,4,5	16,26,1	109	69	0.000475897587274	0.03230815842493489	0.038,0.042,0.083	0.388,0.089,0.76	-0.358
15218	"TRIQK"	"TRIQK"	chr8	-	92891988	92892292	92891988	92892066	92916928	92917010	15218	22,45,36	0,0,1	134,46,31	5,5,2	295	69	6.76930890779e-05	0.00983992206239342	1.0,1.0,0.894	0.862,0.683,0.784	0.188
15236	"TAL1"	"TAL1"	chr1	-	47229455	47229819	47229455	47229771	47232166	47232335	15236	2,0,1	2,4,0	14,0,1	0,1,0	117	69	6.77892091993e-05	0.00983992206239342	0.371,0.0,1.0	1.0,0.0,1.0	-0.21
15259	"TSPAN15"	"TSPAN15"	chr10	+	69498232	69498396	69498279	69498396	69495593	69495689	15259	11,2,3	30,35,49	3,5,0	105,144,26	116	69	0.000469959122546	0.03215426048607046	0.179,0.033,0.035	0.017,0.02,0.0	0.07
15278	"TAGLN2"	"TAGLN2"	chr1	-	159920142	159920527	159920142	159920498	159925449	159925507	15278	0,0,0	3,2,6	4,3,0	0,4,5	98	69	0.000901662790182	0.049352888513441016	0.0,0.0,0.0	1.0,0.346,0.0	-0.449
15355	"TFPI"	"TFPI"	chr2	-	187520541	187520618	187520541	187520613	187529363	187529485	15355	5,14,10	0,1,1	12,20,5	9,4,0	74	69	0.000591324769174	0.03696655868045654	1.0,0.929,0.903	0.554,0.823,1.0	0.152
15405	"SLC9B1"	"SLC9B1"	chr4	-	102910438	102910588	102910438	102910527	102911430	102911537	15405	6,1,9	8,0,1	25,19,1	0,1,0	130	69	0.000495588839983	0.03321583059406469	0.285,1.0,0.827	1.0,0.91,1.0	-0.266
1548	"KRCC1"	"KRCC1"	chr2	-	88034133	88034292	88034133	88034231	88036942	88037051	1548	6,15,16	4,14,14	36,68,16	2,10,1	130	69	8.08018352227e-09	2.1229066168059973e-05	0.443,0.363,0.378	0.905,0.783,0.895	-0.466
1605	"CD163"	"CD163"	chr12	-	7479859	7479996	7479859	7479913	7481160	7481256	1605	0,1,1	4,2,0	23,27,1	0,5,0	152	69	4.39940229767e-05	0.007809830849100264	0.0,0.185,1.0	1.0,0.71,1.0	-0.508
16064	"KPNA3"	"KPNA3"	chr13	-	49706097	49706202	49706097	49706169	49706267	49706372	16064	21,6,5	81,128,171	17,0,4	333,250,91	102	69	0.000908764959664	0.04953523191961052	0.149,0.031,0.019	0.033,0.0,0.029	0.046
16124	"ATF4"	"ATF4"	chr22	+	39521371	39521671	39521431	39521671	39520563	39520751	16124	8,9,2	0,2,0	5,8,7	10,13,1	129	69	3.68184395981e-05	0.007158484793380502	1.0,0.706,1.0	0.211,0.248,0.789	0.486
16158	"AFF4"	"AFF4"	chr5	-	132898229	132898392	132898229	132898365	132899103	132899141	16158	4,51,30	0,1,0	33,47,53	10,1,0	96	69	0.000818758069134	0.04614704086008942	1.0,0.973,1.0	0.703,0.971,1.0	0.1
16168	"BUB1B"	"BUB1B"	chr15	+	40202404	40202465	40202411	40202465	40200930	40200980	16168	5,7,9	0,0,0	25,8,2	12,0,0	76	69	6.3520505074e-05	0.009536424170338297	1.0,1.0,1.0	0.654,1.0,1.0	0.115
1618	"MIB2"	"MIB2"	chr1	+	1625545	1625653	1625557	1625653	1625285	1625428	1618	3,5,9	0,0,0	2,0,1	0,2,2	81	69	0.000868644573294	0.04804610289295424	1.0,1.0,1.0	1.0,0.0,0.299	0.567
16242	"TMED8"	"TMED8"	chr14	-	77346348	77346480	77346348	77346471	77351672	77351751	16242	4,4,11	0,0,2	16,7,23	4,1,11	78	69	0.000543217163142	0.03509555417062558	1.0,1.0,0.83	0.78,0.861,0.649	0.18
1644	"TSGA10"	"TSGA10"	chr2	-	99109388	99109546	99109388	99109512	99110849	99110915	1644	10,11,4	1,2,0	14,4,1	12,5,4	103	69	8.50036358546e-06	0.0029385533221156653	0.87,0.787,1.0	0.439,0.349,0.143	0.575
1645	"TSGA10"	"TSGA10"	chr2	-	99109388	99109556	99109388	99109512	99110849	99110915	1645	10,11,9	1,2,0	18,14,1	12,5,4	113	69	0.000145849158827	0.01589280169218966	0.859,0.771,1.0	0.478,0.631,0.132	0.463
16457	"RBM27"	"RBM27"	chr5	+	146230653	146230917	146230656	146230917	146229716	146229910	16457	0,1,0	8,22,27	13,0,11	19,16,11	72	69	7.62653505904e-07	0.0006071877442610845	0.0,0.042,0.0	0.396,0.0,0.489	-0.281
16567	"MED14"	"MED14"	chrX	-	40679863	40680133	40679863	40680016	40680757	40680910	16567	2,25,41	0,0,0	110,41,16	12,0,0	186	69	7.56243177257e-05	0.010341205291868013	1.0,1.0,1.0	0.773,1.0,1.0	0.076
16793	"PRDM5"	"PRDM5"	chr4	-	120798266	120798457	120798266	120798424	120799660	120799745	16793	0,0,2	46,17,39	10,4,0	32,57,7	102	69	0.000173959262839	0.01744439584950018	0.0,0.0,0.034	0.175,0.045,0.0	-0.062
1722	"SFXN1"	"SFXN1"	chr5	+	175509031	175509202	175509060	175509202	175492094	175492267	1722	13,7,7	0,0,0	19,26,4	0,6,2	98	69	0.000264699282888	0.02236155710391133	1.0,1.0,1.0	1.0,0.753,0.585	0.221
17418	"ZCCHC2"	"ZCCHC2"	chr18	+	62563008	62563144	62563066	62563144	62560586	62560644	17418	71,69,91	0,0,0	308,133,55	28,0,0	127	69	4.32232361791e-06	0.001945992377334469	1.0,1.0,1.0	0.857,1.0,1.0	0.048
17509	"LINC01089"	"LINC01089"	chr12	-	121795266	121795726	121795266	121795533	121796190	121796242	17509	31,46,70	0,0,1	84,98,92	2,11,0	262	69	0.000189801731858	0.018537772866562212	1.0,1.0,0.949	0.917,0.701,1.0	0.11
17605	"PAN3"	"PAN3"	chr13	+	28266717	28266876	28266759	28266876	28261400	28261458	17605	11,3,14	0,0,0	23,13,5	12,0,0	111	69	0.000252430555652	0.021602957617736143	1.0,1.0,1.0	0.544,1.0,1.0	0.152
17760	"PRKAA1"	"PRKAA1"	chr5	-	40775409	40775523	40775409	40775503	40777509	40777586	17760	0,0,0	11,14,19	10,0,1	54,14,15	89	69	0.000225046120873	0.020096925530767414	0.0,0.0,0.0	0.126,0.0,0.049	-0.058
17798	"LOC107985770"	"LOC107985770"	chr2	-	69791728	69792160	69791728	69791777	69794072	69794221	17798	11,8,11	0,0,0	23,15,3	8,1,0	452	69	1.22833826562e-05	0.00378517137084193	1.0,1.0,1.0	0.305,0.696,1.0	0.333
17807	"LOC107985770"	"LOC107985770"	chr2	-	69790740	69791184	69790740	69790780	69798787	69798998	17807	3,1,1	0,0,0	27,4,1	0,6,1	473	69	3.75306245158e-05	0.007158484793380502	1.0,1.0,1.0	1.0,0.089,0.127	0.595
17811	"LOC107985770"	"LOC107985770"	chr2	-	69793702	69794107	69793702	69793803	69798787	69798998	17811	18,24,49	0,0,4	47,165,20	17,52,2	373	69	0.000294769965467	0.023902750934303985	1.0,1.0,0.694	0.338,0.37,0.649	0.446
17812	"LOC107985770"	"LOC107985770"	chr2	-	69793702	69794154	69793702	69793803	69798787	69798998	17812	18,24,49	0,0,4	45,166,21	17,52,2	420	69	0.000472673990398	0.032179067248118115	1.0,1.0,0.668	0.303,0.344,0.633	0.463
17813	"LOC107985770"	"LOC107985770"	chr2	-	69793702	69794164	69793702	69793803	69798787	69798998	17813	186,528,398	0,0,4	1116,1075,229	17,52,2	430	69	8.10465951018e-08	0.00012525512900644656	1.0,1.0,0.941	0.913,0.768,0.948	0.104
17814	"LOC107985770"	"LOC107985770"	chr2	-	69793702	69794178	69793702	69793803	69798787	69798998	17814	428,1661,967	0,0,4	2781,2890,416	17,52,2	444	69	1.01842834166e-09	6.689291955108294e-06	1.0,1.0,0.974	0.962,0.896,0.97	0.049
17815	"LOC107985770"	"LOC107985770"	chr2	-	69793702	69794184	69793702	69793803	69798787	69798998	17815	18,24,49	0,0,4	45,163,21	17,52,2	450	69	0.000522959958706	0.03430957748578409	1.0,1.0,0.653	0.289,0.325,0.617	0.474
17945	"MRPS16"	"MRPS16"	chr10	-	73251762	73252037	73251762	73252023	73252469	73252644	17945	0,0,2	13,25,29	4,2,5	36,22,17	83	69	0.000658600842077	0.03893896308490203	0.0,0.0,0.054	0.085,0.07,0.196	-0.099
17981	"AGTPBP1"	"AGTPBP1"	chr9	-	85646320	85646435	85646320	85646418	85655142	85655320	17981	15,2,0	17,29,51	0,1,0	193,61,27	86	69	2.28855982235e-05	0.005390426892639146	0.414,0.052,0.0	0.0,0.013,0.0	0.151
18068	"IDS"	"IDS"	chrX	-	149502074	149502134	149502074	149502119	149503311	149503489	18068	5,1,13	0,0,3	12,7,4	14,3,2	84	69	0.000524939377999	0.03430957748578409	1.0,1.0,0.781	0.413,0.657,0.622	0.363
18505	"SHISA5"	"SHISA5"	chr3	-	48467797	48469186	48467797	48468217	48469360	48469573	18505	16,86,114	0,0,0	162,173,144	0,8,1	1038	69	4.90448609765e-05	0.008208075087772309	1.0,1.0,1.0	1.0,0.59,0.905	0.168
1864	"PXN"	"PXN"	chr12	-	120215102	120215417	120215102	120215273	120221622	120221758	1864	13,10,9	5,6,17	0,2,1	4,12,3	213	69	1.25558482778e-05	0.00378517137084193	0.457,0.351,0.146	0.0,0.051,0.097	0.269
18748	"INPP5B"	"INPP5B"	chr1	-	37873992	37874155	37873992	37874143	37875605	37875716	18748	10,57,38	8,2,0	76,37,60	0,0,0	81	69	0.000797742786557	0.04536600915846767	0.516,0.96,1.0	1.0,1.0,1.0	-0.175
18925	"MTHFD2L"	"MTHFD2L"	chr4	+	74180707	74180866	74180757	74180866	74175280	74175403	18925	2,1,5	0,0,0	3,1,4	2,3,0	119	69	0.000407527990337	0.029095062201423917	1.0,1.0,1.0	0.465,0.162,1.0	0.458
19218	"ABI1"	"ABI1"	chr10	-	26787127	26787234	26787127	26787195	26823137	26823305	19218	11,6,5	0,0,0	37,10,6	16,0,0	108	69	6.56077220632e-05	0.009770718375188527	1.0,1.0,1.0	0.596,1.0,1.0	0.135
19325	"SARNP"	"SARNP"	chr12	-	55794806	55794880	55794806	55794878	55796024	55796076	19325	27,82,47	0,0,0	54,75,42	12,0,0	71	69	0.000462767940871	0.03174491412664173	1.0,1.0,1.0	0.814,1.0,1.0	0.062
19419	"ZMYM4"	"ZMYM4"	chr1	+	35387002	35387278	35387084	35387278	35386073	35386189	19419	23,56,63	0,0,0	217,84,40	6,4,2	151	69	0.00057323137479	0.036466120847113	1.0,1.0,1.0	0.943,0.906,0.901	0.083
19511	"UBE2C"	"UBE2C"	chr20	+	45813119	45813464	45813436	45813464	45812643	45812796	19511	0,2,2	37,20,12	18,1,5	18,12,29	386	69	3.31894818086e-05	0.00683021788364366	0.0,0.018,0.029	0.152,0.015,0.03	-0.05
19560	"CEP192"	"CEP192"	chr18	+	13008455	13008631	13008467	13008631	13001456	13001582	19560	46,59,92	12,6,0	199,317,97	2,7,3	81	69	0.000311549302267	0.024581231222553995	0.766,0.893,1.0	0.988,0.975,0.965	-0.09
19577	"YTHDC2"	"YTHDC2"	chr5	+	113561079	113561185	113561084	113561185	113556051	113556134	19577	19,14,20	0,0,0	19,23,11	15,1,1	74	69	6.71481060421e-06	0.0024847636479494273	1.0,1.0,1.0	0.542,0.955,0.911	0.197
19599	"ANAPC5"	"ANAPC5"	chr12	-	121328315	121328497	121328315	121328473	121330582	121330672	19599	118,357,509	0,2,7	953,380,289	36,2,6	93	69	0.000418259672976	0.029540151580909807	1.0,0.993,0.982	0.952,0.993,0.973	0.019
1960	"NOTCH2NLA"	"NOTCH2NLA"	chr1	-	146189299	146189381	146189299	146189373	146228708	146229032	1960	12,19,61	17,39,0	96,58,162	1,0,1	77	69	3.35051405509e-08	6.77138890533689e-05	0.387,0.304,1.0	0.989,1.0,0.993	-0.43
19617	"GLMN"	"GLMN"	chr1	-	92290197	92290330	92290197	92290306	92291417	92291537	19617	0,2,1	7,9,3	6,5,3	0,12,0	93	69	1.74969854672e-05	0.004506846070389663	0.0,0.142,0.198	1.0,0.236,1.0	-0.632
19663	"OAS3"	"OAS3"	chr12	+	112965743	112966029	112965896	112966029	112964234	112964408	19663	2,1,7	0,0,0	4,10,0	0,3,2	222	69	0.000183648093211	0.01813904643959625	1.0,1.0,1.0	1.0,0.509,0.0	0.497
19677	"ABHD18"	"ABHD18"	chr4	+	128028474	128028853	128028478	128028853	128021136	128021238	19677	59,85,65	7,3,10	165,220,28	4,4,0	73	69	5.4966132771e-05	0.00864745632510469	0.888,0.964,0.86	0.975,0.981,1.0	-0.081
19718	"PDK3"	"PDK3"	chrX	+	24533911	24534068	24533928	24534068	24531656	24531770	19718	0,0,2	31,124,109	30,1,2	164,137,80	86	69	2.21946025569e-06	0.0012148308187029868	0.0,0.0,0.015	0.128,0.006,0.02	-0.046
19819	"PRPF40A"	"PRPF40A"	chr2	-	152681225	152681336	152681225	152681334	152690961	152690978	19819	7,33,25	0,0,0	19,16,23	10,0,0	71	69	0.000594829917472	0.03696655868045654	1.0,1.0,1.0	0.649,1.0,1.0	0.117
19892	"UBXN2A"	"UBXN2A"	chr2	+	23968914	23969035	23968918	23969035	23958300	23958355	19892	0,0,1	19,6,11	6,2,1	0,7,11	73	69	0.00019518793777	0.018715958719092006	0.0,0.0,0.079	1.0,0.213,0.079	-0.404
19905	"RASSF1"	"RASSF1"	chr3	-	50331558	50331856	50331558	50331782	50332049	50332154	19905	17,11,13	0,0,0	44,28,12	8,0,0	143	69	0.000577655418245	0.036570459767592496	1.0,1.0,1.0	0.726,1.0,1.0	0.091
19941	"RFNG"	"RFNG"	chr17	-	82049676	82049864	82049676	82049842	82049917	82050006	19941	0,0,0	7,20,32	10,0,2	65,14,39	91	69	0.000392600384863	0.02830277533921165	0.0,0.0,0.0	0.104,0.0,0.037	-0.047
1997	"HYAL3"	"HYAL3"	chr3	-	50294708	50295619	50294708	50294853	50298820	50298860	1997	28,88,100	0,1,0	173,64,186	4,0,8	835	69	9.27786562477e-05	0.011645513311819159	1.0,0.879,1.0	0.781,1.0,0.658	0.147
20050	"ACSL4"	"ACSL4"	chrX	-	109683135	109683418	109683135	109683372	109696143	109696196	20050	10,25,20	6,21,22	32,21,15	145,44,25	115	69	6.71857285703e-05	0.00983992206239342	0.5,0.417,0.353	0.117,0.223,0.265	0.222
20174	"SIPA1L1"	"SIPA1L1"	chr14	+	71418083	71418196	71418129	71418196	71413947	71414014	20174	0,0,1	22,25,36	4,12,2	65,120,8	115	69	0.000618965588463	0.03747053415744116	0.0,0.0,0.016	0.036,0.057,0.13	-0.069
20251	"ZDHHC21"	"ZDHHC21"	chr9	-	14677297	14677500	14677297	14677404	14680032	14680162	20251	0,3,10	3,7,12	0,0,2	8,14,15	165	69	4.90491298588e-05	0.008208075087772309	0.0,0.152,0.258	0.0,0.0,0.053	0.119
20271	"SUSD1"	"SUSD1"	chr9	-	112102110	112102282	112102110	112102212	112111653	112111840	20271	215,254,412	16,0,2	978,658,286	5,4,0	139	69	0.000595467530104	0.03696655868045654	0.87,1.0,0.99	0.99,0.988,1.0	-0.039
20367	"L3MBTL4"	"L3MBTL4"	chr18	-	6302082	6302434	6302082	6302173	6311553	6311656	20367	10,5,2	4,0,7	0,0,0	4,7,2	330	69	0.00015434286167	0.01648958201399484	0.343,1.0,0.056	0.0,0.0,0.0	0.466
20406	"SHARPIN"	"SHARPIN"	chr8	-	144099928	144100069	144099928	144100065	144103050	144103225	20406	12,73,142	10,4,2	180,81,131	4,0,2	73	69	0.000657170310013	0.03893896308490203	0.531,0.945,0.985	0.977,1.0,0.984	-0.167
20581	"MRTFA"	"MRTFA"	chr22	-	40424205	40424381	40424205	40424301	40429605	40429767	20581	10,28,35	0,0,0	95,16,27	10,0,1	149	69	4.85769945081e-05	0.008208075087772309	1.0,1.0,1.0	0.815,1.0,0.926	0.086
20597	"IFT88"	"IFT88"	chr13	+	20574369	20574475	20574379	20574475	20567893	20567997	20597	0,0,0	14,7,14	11,0,0	29,34,2	79	69	0.000226870776397	0.020096925530767414	0.0,0.0,0.0	0.249,0.0,0.0	-0.083
20604	"GMFG"	"GMFG"	chr19	-	39335260	39335310	39335260	39335305	39335434	39335531	20604	324,780,570	0,6,5	1211,936,409	29,21,9	74	69	6.6196775046e-05	0.009770718375188527	1.0,0.992,0.991	0.975,0.977,0.977	0.018
20725	"SLC38A9"	"SLC38A9"	chr5	-	55633753	55633902	55633753	55633833	55635543	55635657	20725	0,4,9	6,0,2	8,14,5	0,0,0	138	69	4.95191540414e-05	0.008234283127403179	0.0,1.0,0.692	1.0,1.0,1.0	-0.436
20737	"PITRM1"	"PITRM1"	chr10	-	3140686	3140812	3140686	3140765	3143388	3143775	20737	22,11,16	0,0,0	19,4,12	8,0,2	116	69	4.25944665772e-06	0.001945992377334469	1.0,1.0,1.0	0.586,1.0,0.781	0.211
20889	"KMT2A"	"KMT2A"	chr11	+	118471661	118474315	118474178	118474315	118468774	118468844	20889	2,22,30	0,4,3	9,36,14	0,1,0	2586	69	5.60619291642e-05	0.008765203601083254	1.0,0.128,0.211	1.0,0.49,1.0	-0.384
2105	"MRPL52"	"MRPL52"	chr14	+	22830049	22830110	22830052	22830110	22829886	22829940	2105	0,0,1	2,1,0	7,1,1	4,2,0	72	69	0.000619631922541	0.03747053415744116	0.0,0.0,1.0	0.626,0.324,1.0	-0.317
21156	"ABCC4"	"ABCC4"	chr13	-	95177706	95177793	95177706	95177788	95177996	95178091	21156	141,1390,1269	6,41,26	1244,671,1231	77,49,30	74	69	7.69338667358e-05	0.010418987014173573	0.956,0.969,0.978	0.938,0.927,0.975	0.021
21250	"CNST"	"CNST"	chr1	+	246595051	246595334	246595221	246595334	246591511	246591941	21250	2,5,14	2,5,1	5,8,3	0,1,0	239	69	2.29790207428e-05	0.005390426892639146	0.224,0.224,0.802	1.0,0.698,1.0	-0.483
21348	"CTDSP2"	"CTDSP2"	chr12	-	57823877	57824089	57823877	57824005	57824226	57824319	21348	94,502,502	0,4,2	782,497,365	18,5,9	153	69	0.000234719908099	0.020376087381805914	1.0,0.983,0.991	0.951,0.978,0.948	0.032
2145	"USP45"	"USP45"	chr6	-	99508609	99508782	99508609	99508779	99510120	99510230	2145	5,18,11	0,1,7	38,38,25	0,0,0	72	69	0.00042375614977	0.029768303002425698	1.0,0.945,0.601	1.0,1.0,1.0	-0.151
21498	"LMBRD2"	"LMBRD2"	chr5	-	36114423	36114521	36114423	36114484	36115014	36115120	21498	4,9,4	0,0,0	5,8,4	12,2,0	106	69	1.50780871778e-05	0.004144450372613119	1.0,1.0,1.0	0.213,0.723,1.0	0.355
21522	"ATXN2"	"ATXN2"	chr12	-	111488475	111488780	111488475	111488652	111509548	111509619	21522	18,64,68	0,0,0	215,182,31	8,3,1	197	69	0.000595514467794	0.03696655868045654	1.0,1.0,1.0	0.904,0.955,0.916	0.075
21600	"RGPD5"	"RGPD5"	chr2	+	112399931	112400194	112400035	112400194	112399631	112399769	21600	0,1,1	16,18,38	3,22,1	50,128,3	173	69	0.000353691172566	0.02686819146566855	0.0,0.022,0.01	0.023,0.064,0.117	-0.057
21744	"GON4L"	"GON4L"	chr1	-	155821473	155821548	155821473	155821544	155822285	155822476	21744	2,16,26	0,0,0	55,27,8	16,7,0	73	69	6.12638581754e-07	0.0005365284486140947	1.0,1.0,1.0	0.765,0.785,1.0	0.15
21805	"FAM133B"	"FAM133B"	chr7	-	92579188	92579417	92579188	92579390	92581505	92581603	21805	5,1,4	0,0,1	11,10,1	2,7,1	96	69	8.30722800125e-05	0.010827059128428598	1.0,1.0,0.742	0.798,0.507,0.418	0.34
21931	"BPTF"	"BPTF"	chr17	+	67964211	67964404	67964314	67964404	67959540	67959875	21931	52,46,71	0,0,2	209,80,42	12,19,1	172	69	5.40990122311e-06	0.0020902108063936622	1.0,1.0,0.934	0.875,0.628,0.944	0.162
2201	"ZDHHC12"	"ZDHHC12"	chr9	-	128720872	128721502	128720872	128721480	128721650	128721817	2201	2,12,43	0,6,2	40,15,47	0,0,1	91	69	0.000672701923956	0.039362800997986606	1.0,0.603,0.942	1.0,1.0,0.973	-0.143
22066	"ROCK2"	"ROCK2"	chr2	-	11218314	11218500	11218314	11218466	11218965	11219026	22066	11,13,41	41,115,158	17,44,10	475,207,93	103	69	0.000705667733236	0.04110866597629585	0.152,0.07,0.148	0.023,0.125,0.067	0.052
22067	"ROCK2"	"ROCK2"	chr2	-	11218314	11218530	11218314	11218466	11218965	11219026	22067	11,11,42	41,115,158	17,42,10	475,207,93	133	69	0.000338321885157	0.026066659497741524	0.122,0.047,0.121	0.018,0.095,0.053	0.041
22084	"MTFR1L"	"MTFR1L"	chr1	+	25823217	25823323	25823239	25823323	25823018	25823128	22084	2,0,0	10,42,33	24,3,1	40,57,44	91	69	0.000110975571166	0.013193037019205059	0.132,0.0,0.0	0.313,0.038,0.017	-0.079
2211	"ZC4H2"	"ZC4H2"	chrX	-	64921816	64922243	64921816	64921988	64976324	64976450	2211	5,43,29	0,1,0	32,42,66	10,1,0	324	69	0.000741007849753	0.04269407727315914	1.0,0.902,1.0	0.405,0.899,1.0	0.199
22202	"ZMYM2"	"ZMYM2"	chr13	+	19970024	19970071	19970029	19970071	19959957	19960026	22202	7,23,19	0,0,0	31,24,23	10,0,0	74	69	0.000341727252782	0.026252047112109603	1.0,1.0,1.0	0.743,1.0,1.0	0.086
22211	"ZMYM2"	"ZMYM2"	chr13	+	20027180	20027318	20027202	20027318	20026611	20026762	22211	0,0,0	52,58,77	26,0,0	153,105,60	91	69	1.18469019548e-05	0.0037500440368489207	0.0,0.0,0.0	0.114,0.0,0.0	-0.038
22419	"GIT2"	"GIT2"	chr12	-	109961277	109961451	109961277	109961375	109961612	109961685	22419	0,0,0	12,37,34	11,1,0	31,28,22	145	69	0.000511956694033	0.03396625813719446	0.0,0.0,0.0	0.144,0.017,0.0	-0.054
22539	"HERC1"	"HERC1"	chr15	-	63712774	63712899	63712774	63712895	63716301	63716473	22539	14,2,2	0,2,4	0,3,0	4,9,3	73	69	8.03423393133e-05	0.0107695626570323	1.0,0.486,0.321	0.0,0.24,0.0	0.522
22583	"PRKAG1"	"PRKAG1"	chr12	-	49005461	49005592	49005461	49005543	49005742	49005852	22583	12,5,3	6,9,8	3,3,2	29,14,15	118	69	0.000572755760889	0.036466120847113	0.539,0.245,0.18	0.057,0.111,0.072	0.241
22606	"RBM39"	"RBM39"	chr20	-	35709223	35709274	35709223	35709256	35710282	35710420	22606	12,27,17	0,0,0	31,24,9	6,5,0	87	69	9.43233582607e-06	0.003136908343776419	1.0,1.0,1.0	0.804,0.792,1.0	0.135
22616	"RBM39"	"RBM39"	chr20	-	35738967	35739090	35738967	35739017	35740524	35740597	22616	4,10,9	16,67,64	4,10,4	230,141,52	142	69	0.000268516369501	0.022467294827706284	0.108,0.068,0.064	0.008,0.033,0.036	0.054
22642	"NR2C2"	"NR2C2"	chr3	+	15023199	15023347	15023207	15023347	15020752	15020932	22642	22,89,96	0,0,1	152,51,89	5,7,3	77	69	0.000398573946592	0.028533333239268707	1.0,1.0,0.989	0.965,0.867,0.964	0.064
22684	"RNF167"	"RNF167"	chr17	+	4944395	4944619	4944557	4944619	4943425	4943519	22684	14,37,48	28,62,64	145,94,64	116,53,61	231	69	6.04361372333e-05	0.009231619962386577	0.13,0.151,0.183	0.272,0.346,0.239	-0.131
2273	"HMGN3"	"HMGN3"	chr6	-	79201244	79202155	79201244	79201726	79202275	79202389	2273	4,18,30	15,18,23	9,14,8	51,39,15	498	69	0.000202315702861	0.019120289429018177	0.036,0.122,0.153	0.024,0.047,0.069	0.057
22731	"LRCH3"	"LRCH3"	chr3	+	197866111	197866219	197866152	197866219	197865422	197865471	22731	101,94,161	10,14,6	228,350,38	2,10,0	110	69	1.04493824115e-05	0.003348007610943164	0.864,0.808,0.944	0.986,0.956,1.0	-0.109
22781	"CREB1"	"CREB1"	chr2	+	207567445	207567563	207567462	207567563	207561118	207561160	22781	0,0,1	4,19,22	14,1,0	44,26,22	86	69	0.00028808510987	0.023620782450424597	0.0,0.0,0.035	0.203,0.03,0.0	-0.066
22791	"DOCK10"	"DOCK10"	chr2	-	224805407	224805529	224805407	224805502	224806125	224806237	22791	5,13,25	0,1,1	62,14,12	8,6,5	96	69	5.3474711489e-05	0.008514794514851497	1.0,0.903,0.947	0.848,0.626,0.633	0.248
22909	"HNRNPC"	"HNRNPC"	chr14	-	21211405	21211566	21211405	21211563	21211809	21211923	22909	140,315,445	4,6,4	485,626,276	38,14,6	72	69	0.000208723977453	0.01929810550193032	0.971,0.981,0.991	0.924,0.977,0.978	0.021
22994	"CRAT"	"CRAT"	chr9	-	129101760	129102056	129101760	129102003	129102399	129102565	22994	2,0,0	2,2,2	127,1,0	7,0,1	122	69	8.36930003054e-05	0.010827059128428598	0.361,0.0,0.0	0.911,1.0,0.0	-0.517
23012	"SNHG6"	"SNHG6"	chr8	-	66922323	66922414	66922323	66922385	66922613	66922725	23012	38,271,134	0,3,2	172,290,92	26,4,0	98	69	9.37397258954e-05	0.011672150798340494	1.0,0.985,0.979	0.823,0.981,1.0	0.053
23016	"HECW2-AS1"	"HECW2-AS1"	chr2	+	196260330	196260536	196260412	196260536	196260023	196260240	23016	39,72,17	0,1,0	98,100,29	20,0,2	151	69	2.26591231732e-05	0.005390426892639146	1.0,0.971,1.0	0.691,1.0,0.869	0.137
23042	"SLC35D2"	"SLC35D2"	chr9	-	96357052	96357551	96357052	96357175	96360153	96360221	23042	0,13,13	4,0,2	49,18,10	0,1,1	445	69	0.000296103652304	0.02392187668806431	0.0,1.0,0.502	1.0,0.736,0.608	-0.281
23070	"HMG20B"	"HMG20B"	chr19	+	3574271	3574586	3574340	3574586	3573691	3573800	23070	1,2,2	0,0,2	0,1,0	1,0,1	138	69	0.000234992367704	0.020376087381805914	1.0,1.0,0.333	0.0,1.0,0.0	0.444
23146	"SMC6"	"SMC6"	chr2	-	17714860	17715065	17714860	17715062	17716085	17716264	23146	16,4,16	0,0,0	87,27,6	20,0,0	72	69	3.50596169749e-05	0.006925724186327427	1.0,1.0,1.0	0.807,1.0,1.0	0.064
23190	"ZNF562"	"ZNF562"	chr19	-	9658008	9658289	9658008	9658135	9659378	9659467	23190	0,1,6	13,14,16	36,22,5	35,25,17	223	69	1.51435784178e-05	0.004144450372613119	0.0,0.022,0.104	0.241,0.214,0.083	-0.137
23221	"RHOT2"	"RHOT2"	chr16	+	668487	668569	668508	668569	668357	668411	23221	4,18,48	0,0,1	24,27,51	9,1,0	90	69	0.000842295981404	0.04678571314889491	1.0,1.0,0.974	0.672,0.954,1.0	0.116
23235	"NCOA6"	"NCOA6"	chr20	-	34754721	34754835	34754721	34754832	34757219	34758104	23235	0,1,6	2,4,5	4,5,3	0,0,0	72	69	3.66279562236e-10	3.2077543128754758e-06	0.0,0.193,0.535	1.0,1.0,1.0	-0.757
23236	"NCOA6"	"NCOA6"	chr20	-	34754721	34754868	34754721	34754832	34757219	34758104	23236	8,19,23	2,4,5	111,35,12	0,0,0	105	69	4.53798592037e-08	8.170931094822366e-05	0.724,0.757,0.751	1.0,1.0,1.0	-0.256
23266	"YAF2"	"YAF2"	chr12	-	42210547	42210680	42210547	42210619	42212421	42212484	23266	18,27,16	0,0,0	42,26,14	7,6,0	130	69	1.83817514732e-06	0.0010541708304607888	1.0,1.0,1.0	0.761,0.697,1.0	0.181
23285	"TRIM38"	"TRIM38"	chr6	+	25966334	25966933	25966492	25966933	25963048	25963282	23285	10,7,5	0,0,1	10,4,2	7,2,0	227	69	3.42147775464e-05	0.00683021788364366	1.0,1.0,0.603	0.303,0.378,1.0	0.307
2333	"BSDC1"	"BSDC1"	chr1	-	32383829	32384048	32383829	32383997	32386778	32386895	2333	22,101,108	50,228,248	52,85,92	338,277,240	120	69	0.000841171785965	0.04678571314889491	0.202,0.203,0.2	0.081,0.15,0.181	0.064
23373	"SUSD3"	"SUSD3"	chr9	+	93075571	93075972	93075783	93075972	93058700	93058830	23373	2,24,31	21,58,79	85,17,26	90,24,49	281	69	0.000201014181578	0.019065868565338605	0.023,0.092,0.088	0.188,0.148,0.115	-0.083
23442	"CLHC1"	"CLHC1"	chr2	-	55205604	55205817	55205604	55205719	55206269	55206376	23442	0,0,0	2,1,2	7,1,0	0,0,1	167	69	3.30656701689e-05	0.00683021788364366	0.0,0.0,0.0	1.0,1.0,0.0	-0.667
2350	"PBRM1"	"PBRM1"	chr3	-	52679573	52679726	52679573	52679723	52685748	52685913	2350	4,10,10	0,5,2	5,7,10	0,0,0	72	69	0.000287984958245	0.023620782450424597	1.0,0.657,0.827	1.0,1.0,1.0	-0.172
2360	"LACTB"	"LACTB"	chr15	+	63129484	63131467	63129488	63131467	63127352	63127689	2360	4,5,5	0,0,1	14,16,7	11,4,0	73	69	0.000159003759815	0.0166198441533037	1.0,1.0,0.825	0.546,0.791,1.0	0.163
23614	"ARFRP1"	"ARFRP1"	chr20	-	63702135	63702256	63702135	63702217	63706356	63706439	23614	4,7,8	21,35,71	0,2,2	55,37,23	108	69	0.000383575930559	0.027916039954505836	0.108,0.113,0.067	0.0,0.033,0.053	0.067
23848	"ITM2A"	"ITM2A"	chrX	-	79363422	79363490	79363422	79363469	79367104	79367552	23848	6,14,20	2,3,3	53,60,1	3,0,0	90	69	0.000906620188025	0.049521064864825	0.697,0.782,0.836	0.931,1.0,1.0	-0.205
23902	"ALAD"	"ALAD"	chr9	-	113390592	113390691	113390592	113390676	113390797	113390933	23902	0,1,0	6,12,15	6,0,4	4,1,41	84	69	0.000877423999928	0.04842974947501753	0.0,0.064,0.0	0.552,0.0,0.074	-0.187
24005	"RAP1B"	"RAP1B"	chr12	+	68641033	68641153	68641056	68641153	68610898	68611052	24005	9,1,3	0,0,0	38,11,4	0,7,2	92	69	8.53191639237e-05	0.010934587286670098	1.0,1.0,1.0	1.0,0.541,0.6	0.286
24132	"RNGTT"	"RNGTT"	chr6	-	88844356	88844521	88844356	88844479	88849754	88849826	24132	3,15,18	0,0,0	54,30,6	9,0,0	111	69	0.000220267602811	0.020068826799941077	1.0,1.0,1.0	0.789,1.0,1.0	0.07
24336	"LONP2"	"LONP2"	chr16	+	48348079	48348290	48348099	48348290	48347506	48347714	24336	0,0,0	16,17,15	12,0,0	42,24,11	89	69	0.000166760614059	0.017015612489496835	0.0,0.0,0.0	0.181,0.0,0.0	-0.06
24359	"TTC37"	"TTC37"	chr5	-	95543183	95543327	95543183	95543323	95547060	95547151	24359	42,67,64	0,0,1	201,99,50	16,3,0	73	69	0.000266410213083	0.022362286033002107	1.0,1.0,0.984	0.922,0.969,1.0	0.031
24401	"ARHGAP30"	"ARHGAP30"	chr1	-	161056387	161056532	161056387	161056528	161059613	161059716	24401	37,24,32	15,0,0	26,19,9	0,0,0	73	69	0.000128981930159	0.01466987987475068	0.7,1.0,1.0	1.0,1.0,1.0	-0.1
24553	"RNASEH2B"	"RNASEH2B"	chr13	+	50953867	50953985	50953904	50953985	50949462	50949505	24553	0,1,0	7,9,29	15,2,0	58,36,7	106	69	0.000177518475038	0.017599784508201412	0.0,0.067,0.0	0.144,0.035,0.0	-0.037
24760	"ANKIB1"	"ANKIB1"	chr7	+	92350949	92351094	92351041	92351094	92344977	92345066	24760	25,38,51	0,0,0	143,83,30	10,0,0	161	69	0.000603884682509	0.037313880373770855	1.0,1.0,1.0	0.86,1.0,1.0	0.047
24761	"ANKIB1"	"ANKIB1"	chr7	+	92350972	92351094	92351041	92351094	92344977	92345066	24761	12,17,19	0,0,0	75,40,5	10,0,0	138	69	0.000170021315492	0.017246988501626703	1.0,1.0,1.0	0.789,1.0,1.0	0.07
24796	"PUM2"	"PUM2"	chr2	-	20282946	20283231	20282946	20283228	20283342	20283486	24796	12,86,97	0,1,1	242,47,46	21,0,1	72	69	0.000120895871089	0.014138523481871836	1.0,0.988,0.989	0.917,1.0,0.978	0.027
24843	"MYCT1"	"MYCT1"	chr6	+	152717559	152717673	152717562	152717673	152697945	152698098	24843	0,1,1	2,3,6	6,3,4	1,19,2	72	69	0.000307784688843	0.024504324636279214	0.0,0.242,0.138	0.852,0.131,0.657	-0.42
24933	"TBC1D5"	"TBC1D5"	chr3	-	17307991	17308134	17307991	17308131	17372074	17372247	24933	13,49,69	0,1,1	157,63,48	14,5,3	72	69	0.000102316016728	0.012503017244161599	1.0,0.979,0.985	0.915,0.924,0.939	0.062
25144	"TMBIM6"	"TMBIM6"	chr12	+	49758351	49758762	49758682	49758762	49758226	49758275	25144	11,141,182	0,1,1	26,199,169	23,7,1	400	69	6.93716467484e-05	0.009959569808856357	1.0,0.961,0.969	0.163,0.831,0.967	0.323
25227	"MAX"	"MAX"	chr14	-	65077327	65077643	65077327	65077428	65077912	65078036	25227	37,1471,1209	1509,1394,1389	2622,1628,1400	3361,2375,1492	284	69	9.93235657498e-07	0.0007013831123188602	0.006,0.204,0.175	0.159,0.143,0.186	-0.034
25282	"MYL9"	"MYL9"	chr20	+	36548123	36548193	36548126	36548193	36544858	36545068	25282	28,200,367	0,0,7	164,149,576	14,4,24	72	69	1.65598249984e-05	0.0043947099210400326	1.0,1.0,0.98	0.918,0.973,0.958	0.044
25296	"PSMC6"	"PSMC6"	chr14	+	52708308	52708706	52708482	52708706	52707199	52707304	25296	2,6,8	0,1,0	0,8,4	8,1,1	243	69	5.05345664903e-06	0.002027372388971532	1.0,0.63,1.0	0.0,0.694,0.532	0.468
253	"MAP4"	"MAP4"	chr3	-	47850694	47853039	47850694	47852938	47853162	47853352	253	6,5,12	0,3,4	9,16,10	0,0,1	170	69	4.09705105997e-05	0.007554446676943846	1.0,0.404,0.549	1.0,1.0,0.802	-0.283
25304	"ACTR3B"	"ACTR3B"	chr7	+	152820298	152820442	152820302	152820442	152819754	152819893	25304	8,14,7	0,0,0	22,6,16	5,3,0	73	69	0.000265620825872	0.022362286033002107	1.0,1.0,1.0	0.806,0.654,1.0	0.18
25403	"ZNF736"	"ZNF736"	chr7	+	64336886	64336982	64336907	64336982	64336258	64336385	25403	8,15,24	0,0,1	14,12,9	8,0,2	90	69	5.79613497687e-05	0.008957756132194442	1.0,1.0,0.948	0.573,1.0,0.775	0.2
25683	"SMILR"	"SMILR"	chr8	-	122567576	122567711	122567576	122567689	122568594	122568644	25683	0,2,0	8,8,15	13,2,0	38,12,7	91	69	0.000758252938145	0.0434968983490908	0.0,0.159,0.0	0.206,0.112,0.0	-0.053
25796	"PLCB4"	"PLCB4"	chr20	+	9370947	9371295	9371213	9371295	9365460	9365514	25796	16,0,1	15,16,23	2,2,0	73,68,15	335	69	0.000107617011018	0.012851916956708702	0.18,0.0,0.009	0.006,0.006,0.0	0.059
25797	"PLCB4"	"PLCB4"	chr20	+	9384200	9384411	9384228	9384411	9380053	9380162	25797	20,16,20	0,0,0	34,56,15	7,2,0	97	69	0.000394630832496	0.028328240060566688	1.0,1.0,1.0	0.776,0.952,1.0	0.091
25872	"NBEAL1"	"NBEAL1"	chr2	+	203083188	203083525	203083218	203083525	203077751	203077837	25872	0,0,0	1,6,8	5,2,1	8,30,2	99	69	0.000686543420708	0.04008345620502508	0.0,0.0,0.0	0.303,0.044,0.258	-0.202
25968	"DLST"	"DLST"	chr14	+	74889130	74889316	74889274	74889316	74885585	74885634	25968	2,11,8	0,0,3	1,4,6	9,5,2	213	69	0.000289482989336	0.023620782450424597	1.0,1.0,0.463	0.035,0.206,0.493	0.576
26020	"CASP10"	"CASP10"	chr2	+	201203729	201203766	201203732	201203766	201195841	201195948	26020	2,4,5	0,0,0	7,3,1	4,2,0	72	69	0.000493699964053	0.033173859732901455	1.0,1.0,1.0	0.626,0.59,1.0	0.261
26101	"PF4"	"PF4"	chr4	-	73981395	73981554	73981395	73981537	73981862	73982027	26101	2804,0,8	0,5,5	15160,17,3	0,1,1	86	69	0.0002070823013	0.019224994000193996	1.0,0.0,0.562	1.0,0.932,0.706	-0.359
26180	"CENPT"	"CENPT"	chr16	-	67831840	67832311	67831840	67832108	67832454	67832545	26180	2,33,38	0,0,1	16,90,48	20,2,3	272	69	3.34670567844e-05	0.00683021788364366	1.0,1.0,0.906	0.169,0.919,0.802	0.339
26181	"CENPT"	"CENPT"	chr16	-	67831840	67832315	67831840	67832108	67832454	67832545	26181	6,63,102	0,0,1	54,158,88	20,2,3	276	69	2.47366540937e-05	0.005602638905205	1.0,1.0,0.962	0.403,0.952,0.88	0.242
26183	"CENPT"	"CENPT"	chr16	-	67832011	67832350	67832011	67832108	67832454	67832545	26183	2,50,61	0,0,1	16,114,62	20,2,3	311	69	2.08793265276e-05	0.005079282832033656	1.0,1.0,0.931	0.151,0.927,0.821	0.344
26184	"CENPT"	"CENPT"	chr16	-	67832011	67832354	67832011	67832108	67832454	67832545	26184	2,58,67	0,0,1	25,120,70	20,2,3	315	69	2.3207467245e-05	0.005395838822370664	1.0,1.0,0.936	0.215,0.929,0.836	0.319
26408	"SCAPER"	"SCAPER"	chr15	-	76771723	76771954	76771723	76771947	76774854	76775117	26408	4,4,4	0,0,0	0,4,0	7,0,1	76	69	5.04668651765e-05	0.008339094017498015	1.0,1.0,1.0	0.0,1.0,0.0	0.667
26418	"KLHL18"	"KLHL18"	chr3	+	47336519	47336757	47336534	47336757	47334682	47334819	26418	0,3,5	3,8,7	0,1,0	2,8,7	84	69	0.000231184797376	0.020189823256649427	0.0,0.235,0.37	0.0,0.093,0.0	0.171
26422	"CEP135"	"CEP135"	chr4	+	55964256	55964402	55964273	55964402	55959681	55959766	26422	0,0,1	2,5,19	7,0,2	13,8,5	86	69	0.000157382081062	0.0166198441533037	0.0,0.0,0.041	0.302,0.0,0.243	-0.168
2649	"ZNF37A"	"ZNF37A"	chr10	+	38095357	38095629	38095537	38095629	38094336	38094490	2649	0,10,5	2,0,2	13,4,5	0,0,1	249	69	0.000511077675708	0.03396625813719446	0.0,1.0,0.409	1.0,1.0,0.581	-0.391
26573	"HACD4"	"HACD4"	chr9	-	21017808	21017949	21017808	21017910	21026595	21026723	26573	0,0,0	24,4,27	21,1,0	89,25,23	108	69	1.92302844858e-05	0.004766389285805881	0.0,0.0,0.0	0.131,0.025,0.0	-0.052
26809	"UBL5"	"UBL5"	chr19	+	9828579	9828675	9828586	9828675	9828326	9828393	26809	0,0,0	3,2,4	6,1,0	16,4,4	76	69	0.000562384618594	0.035950197285450514	0.0,0.0,0.0	0.254,0.185,0.0	-0.146
26821	"RREB1"	"RREB1"	chr6	+	7181869	7182082	7181877	7182082	7181123	7181246	26821	48,16,44	0,0,0	187,41,26	14,1,0	77	69	0.000277032369994	0.02296047778186865	1.0,1.0,1.0	0.923,0.974,1.0	0.034
26852	"USP11"	"USP11"	chrX	+	47244681	47244924	47244684	47244924	47244497	47244550	26852	11,30,27	0,0,0	33,37,34	19,1,1	72	69	1.78706680702e-05	0.004514577521234275	1.0,1.0,1.0	0.625,0.973,0.97	0.144
26899	"DDHD2"	"DDHD2"	chr8	+	38238088	38238209	38238106	38238209	38237537	38237627	26899	18,18,20	0,1,0	38,29,12	10,0,0	87	69	0.00073321554027	0.04233796019673343	1.0,0.935,1.0	0.751,1.0,1.0	0.061
26911	"DNAJC1"	"DNAJC1"	chr10	-	21920797	21920963	21920797	21920931	21928505	21928552	26911	27,26,29	0,0,0	63,65,25	10,0,0	101	69	0.000588534247249	0.03696655868045654	1.0,1.0,1.0	0.811,1.0,1.0	0.063
26970	"HP1BP3"	"HP1BP3"	chr1	-	20765376	20765531	20765376	20765526	20767583	20767664	26970	137,270,360	18,4,4	838,547,234	7,7,3	74	69	0.000289494612303	0.023620782450424597	0.876,0.984,0.988	0.991,0.986,0.986	-0.038
27008	"TTN-AS1"	"TTN-AS1"	chr2	+	178597592	178597681	178597595	178597681	178591138	178591314	27008	0,0,0	6,3,4	10,1,3	43,18,4	72	69	4.27191945672e-05	0.007692376902163014	0.0,0.0,0.0	0.182,0.051,0.418	-0.217
27030	"CDC27"	"CDC27"	chr17	-	47156912	47157006	47156912	47156983	47157229	47157384	27030	6,5,9	12,7,11	47,34,5	23,11,2	92	69	0.000217433934594	0.019904675134453525	0.273,0.349,0.38	0.605,0.699,0.652	-0.318
27031	"CDC27"	"CDC27"	chr17	-	47156912	47157069	47156912	47156983	47157229	47157384	27031	24,5,9	12,7,11	162,35,5	23,11,2	155	69	0.000446953562698	0.030983670060064784	0.471,0.241,0.267	0.758,0.586,0.527	-0.297
27033	"CDC27"	"CDC27"	chr17	-	47156912	47157140	47156912	47156983	47157229	47157384	27033	26,7,12	12,7,11	173,38,7	23,11,2	226	69	0.000304075846372	0.024356660706498647	0.398,0.234,0.25	0.697,0.513,0.517	-0.282
27128	"SEPTIN2"	"SEPTIN2"	chr2	+	241324215	241324662	241324408	241324662	241316421	241316540	27128	9,11,2	0,1,0	21,13,13	8,4,0	262	69	9.50214686811e-05	0.011775938899332736	1.0,0.743,1.0	0.409,0.461,1.0	0.291
27336	"MED12L"	"MED12L"	chr3	+	151413119	151413295	151413241	151413295	151411277	151411507	27336	28,58,46	0,1,1	208,160,32	18,3,1	191	69	0.000355300340736	0.026901457787195757	1.0,0.954,0.943	0.807,0.951,0.92	0.073
27531	"TAX1BP1"	"TAX1BP1"	chr7	+	27796115	27796219	27796118	27796219	27794322	27794446	27531	45,144,157	0,1,2	284,221,66	19,8,1	72	69	7.00782871678e-05	0.010006341514997878	1.0,0.993,0.987	0.935,0.964,0.984	0.032
2763	"BTN3A3"	"BTN3A3"	chr6	+	26443569	26443659	26443640	26443659	26443381	26443442	2763	2,19,14	0,0,1	17,13,4	0,6,3	140	69	9.96170563163e-05	0.012287506669474884	1.0,1.0,0.873	1.0,0.516,0.397	0.32
27669	"POLR3G"	"POLR3G"	chr5	+	90501894	90501988	90501908	90501988	90497655	90497706	27669	0,1,1	10,19,20	1,24,4	28,154,13	83	69	0.000416224722263	0.029540151580909807	0.0,0.042,0.04	0.029,0.115,0.204	-0.089
27686	"NRGN"	"NRGN"	chr11	+	124745007	124745341	124745279	124745341	124739941	124740099	27686	4,50,24	0,0,0	117,44,19	3,3,1	341	69	0.000521630040348	0.03430957748578409	1.0,1.0,1.0	0.888,0.748,0.794	0.19
2772	"LARP4"	"LARP4"	chr12	+	50430494	50430570	50430497	50430570	50428934	50429090	2772	118,190,190	0,0,0	569,359,137	8,46,0	72	69	4.66501604013e-08	8.170931094822366e-05	1.0,1.0,1.0	0.986,0.882,1.0	0.044
27806	"TBPL1"	"TBPL1"	chr6	+	133982567	133982650	133982571	133982650	133980081	133980260	27806	97,120,157	4,7,13	688,389,109	14,10,1	73	69	0.000802431993274	0.04553411611077279	0.958,0.942,0.919	0.979,0.974,0.99	-0.041
27829	"MEIS1"	"MEIS1"	chr2	+	66439366	66439671	66439571	66439671	66437736	66437963	27829	0,1,1	14,21,16	40,2,2	43,37,18	274	69	5.0575511128e-06	0.002027372388971532	0.0,0.012,0.015	0.19,0.013,0.027	-0.068
28076	"LTBP1"	"LTBP1"	chr2	+	33142238	33142401	33142241	33142401	33134792	33134960	28076	2,2,4	0,0,0	0,11,0	2,1,5	72	69	7.23666863989e-07	0.0005941531099244687	1.0,1.0,1.0	0.0,0.913,0.0	0.696
28121	"HSPB1"	"HSPB1"	chr7	+	76303776	76303865	76303801	76303865	76302672	76303076	28121	5,55,92	66,348,589	15,199,67	1945,717,775	94	69	0.000209790591251	0.01929810550193032	0.053,0.104,0.103	0.006,0.169,0.06	0.008
28131	"DLD"	"DLD"	chr7	+	107904862	107905058	107904957	107905058	107903477	107903547	28131	0,0,0	3,8,14	16,1,1	9,22,10	164	69	0.000106712508903	0.012851916956708702	0.0,0.0,0.0	0.428,0.019,0.04	-0.162
2828	"MBD1"	"MBD1"	chr18	-	50273333	50273471	50273333	50273426	50273563	50273863	2828	3,22,20	0,1,2	29,26,27	14,9,2	114	69	0.000575408195529	0.03651618241819666	1.0,0.93,0.858	0.556,0.636,0.891	0.235
28454	"FAH"	"FAH"	chr15	+	80153000	80153135	80153025	80153135	80152788	80152905	28454	0,2,3	10,135,40	64,1,0	77,33,78	94	69	0.000751406301213	0.04319846335179245	0.0,0.011,0.052	0.379,0.022,0.0	-0.113
28530	"ADGRE1"	"ADGRE1"	chr19	+	6924677	6924872	6924703	6924872	6921712	6921883	28530	5,7,20	0,0,0	75,27,15	6,3,1	95	69	0.000497910197404	0.03328650029617122	1.0,1.0,1.0	0.901,0.867,0.916	0.105
28566	"MPP1"	"MPP1"	chrX	-	154786203	154786340	154786203	154786337	154789953	154790022	28566	10,4,7	0,0,0	23,11,6	10,1,0	72	69	3.2056396694e-05	0.006737741682731697	1.0,1.0,1.0	0.688,0.913,1.0	0.133
28578	"ZZZ3"	"ZZZ3"	chr1	-	77641383	77641458	77641383	77641446	77641521	77641655	28578	1,2,1	42,85,76	21,6,0	151,160,67	81	69	0.000559033704207	0.03582315246495246	0.02,0.02,0.011	0.106,0.031,0.0	-0.029
28579	"PARL"	"PARL"	chr3	-	183833491	183833838	183833491	183833589	183840569	183840640	28579	14,17,9	0,1,0	2,12,2	1,9,0	318	69	5.25766679887e-05	0.008504182524965353	1.0,0.787,1.0	0.303,0.224,1.0	0.42
28584	"CCT2"	"CCT2"	chr12	+	69593509	69593613	69593537	69593613	69592975	69593103	28584	44,126,147	9,0,5	303,213,53	0,3,0	97	69	0.000206091741552	0.019224994000193996	0.777,1.0,0.954	1.0,0.981,1.0	-0.083
2869	"TRIT1"	"TRIT1"	chr1	-	39847547	39847747	39847547	39847660	39847985	39848097	2869	0,6,7	2,2,4	0,0,0	3,6,5	156	69	3.15599334655e-06	0.0015644794942246821	0.0,0.57,0.436	0.0,0.0,0.0	0.335
28708	"EIF5"	"EIF5"	chr14	+	103335652	103335932	103335791	103335932	103334388	103334597	28708	124,159,137	0,0,2	420,326,62	13,7,2	208	69	7.35189509339e-05	0.010274273393012526	1.0,1.0,0.958	0.915,0.939,0.911	0.064
28720	"NF1"	"NF1"	chr17	+	31261696	31261857	31261710	31261857	31260368	31260515	28720	0,1,0	19,7,15	0,6,2	7,13,15	83	69	0.000918935665958	0.04988263791676557	0.0,0.106,0.0	0.0,0.277,0.1	-0.09
29226	"SCAF8"	"SCAF8"	chr6	+	154803543	154803623	154803546	154803623	154801970	154802147	29226	26,17,15	2,5,8	57,18,3	0,0,2	72	69	0.000204320465117	0.019171827071496218	0.926,0.765,0.642	1.0,1.0,0.59	-0.086
29420	"GPATCH2L"	"GPATCH2L"	chr14	+	76178207	76178322	76178222	76178322	76177987	76178042	29420	20,23,23	0,0,2	23,35,6	14,6,0	84	69	2.95570439585e-05	0.006525648873291348	1.0,1.0,0.904	0.574,0.827,1.0	0.168
29539	"ITGA2B"	"ITGA2B"	chr17	-	44385649	44386129	44385649	44385921	44389285	44389649	29539	22,102,148	0,5,4	308,58,217	0,0,1	277	69	0.000191830176097	0.01859761703541137	1.0,0.836,0.902	1.0,1.0,0.982	-0.081
29603	"DIPK1B"	"DIPK1B"	chr9	+	136721646	136722028	136721678	136722028	136717576	136717711	29603	3,5,1	1,5,4	0,1,1	10,18,9	101	69	3.07860232415e-05	0.006675206598270346	0.672,0.406,0.146	0.0,0.037,0.071	0.372
29688	"SZT2"	"SZT2"	chr1	+	43426367	43426538	43426437	43426538	43426037	43426151	29688	0,3,1	5,0,1	2,2,2	0,0,1	139	69	0.000126218948311	0.014544519425328523	0.0,1.0,0.332	1.0,1.0,0.498	-0.389
29776	"ASAP1"	"ASAP1"	chr8	-	130357681	130357814	130357681	130357764	130358016	130358143	29776	0,0,0	1,5,7	17,2,2	21,6,8	119	69	1.17224942309e-06	0.0007699627273210893	0.0,0.0,0.0	0.319,0.162,0.127	-0.203
29803	"ARPC4"	"ARPC4"	chr3	+	9803535	9804013	9803856	9804013	9801660	9801756	29803	2,14,15	0,0,0	54,19,6	11,0,0	390	69	0.000387523450747	0.028047943860815237	1.0,1.0,1.0	0.465,1.0,1.0	0.178
30025	"KPNA6"	"KPNA6"	chr1	+	32154587	32154721	32154589	32154721	32108055	32108134	30025	3,27,15	4,4,4	9,21,5	0,0,0	71	69	2.4112000121e-06	0.0012421462336843782	0.422,0.868,0.785	1.0,1.0,1.0	-0.308
30052	"UBAC2"	"UBAC2"	chr13	+	99340319	99340565	99340434	99340565	99318021	99318069	30052	56,112,247	0,0,2	358,188,155	3,10,8	184	69	5.43072310546e-05	0.008595264346370517	1.0,1.0,0.979	0.978,0.876,0.879	0.082
30216	"MPHOSPH9"	"MPHOSPH9"	chr12	-	123227462	123227616	123227462	123227572	123230260	123230522	30216	3,4,5	0,1,1	9,6,3	7,4,6	113	69	9.30825484521e-05	0.011645513311819159	1.0,0.71,0.753	0.44,0.478,0.234	0.437
30326	"LOC285074"	"LOC285074"	chr2	-	87049588	87049803	87049588	87049778	87052813	87052992	30326	0,10,7	5,1,1	28,8,8	0,1,0	94	69	0.000437340460845	0.030397475999419804	0.0,0.88,0.837	1.0,0.854,1.0	-0.379
30419	"PABPC1"	"PABPC1"	chr8	-	100706650	100706964	100706650	100706805	100709132	100709223	30419	4,105,174	0,0,0	26,130,135	14,3,1	228	69	2.66729358691e-05	0.005989555932383456	1.0,1.0,1.0	0.36,0.929,0.976	0.245
30435	"INTS13"	"INTS13"	chr12	-	26913973	26914128	26913973	26914001	26914407	26914578	30435	7,12,18	0,0,0	34,39,10	8,4,0	196	69	2.27988502755e-06	0.0012224371291596153	1.0,1.0,1.0	0.599,0.774,1.0	0.209
30475	"VRK1"	"VRK1"	chr14	+	96841517	96841626	96841537	96841626	96837761	96837817	30475	3,3,1	6,4,1	18,7,2	0,0,1	89	69	3.06122374116e-08	6.77138890533689e-05	0.279,0.368,0.437	1.0,1.0,0.608	-0.508
30499	"PRELID3B"	"PRELID3B"	chr20	-	59037190	59037299	59037190	59037280	59038465	59038634	30499	0,2,2	12,41,33	6,8,8	57,34,36	88	69	0.000631430254004	0.03787572388914861	0.0,0.037,0.045	0.076,0.156,0.148	-0.099
30507	"VPS39"	"VPS39"	chr15	-	42189113	42189265	42189113	42189208	42191124	42191167	30507	2,0,2	13,38,47	24,3,2	117,22,28	126	69	0.000131151766082	0.014700651486159599	0.078,0.0,0.023	0.101,0.069,0.038	-0.036
30518	"ZNF384"	"ZNF384"	chr12	-	6678662	6678801	6678662	6678710	6678945	6679183	30518	0,1,2	10,22,24	7,6,1	26,5,19	160	69	0.000634072531528	0.03794758000190237	0.0,0.019,0.035	0.104,0.341,0.022	-0.138
30519	"ZNF384"	"ZNF384"	chr12	-	6678662	6678819	6678662	6678710	6678945	6679183	30519	0,1,3	10,22,24	11,5,1	26,5,19	178	69	0.000923061700824	0.04989235294191576	0.0,0.017,0.046	0.141,0.279,0.02	-0.126
30595	"PIH1D1"	"PIH1D1"	chr19	-	49447326	49447467	49447326	49447417	49447826	49447908	30595	20,65,35	0,0,0	37,57,59	14,0,0	119	69	0.000455503931522	0.03132841568816101	1.0,1.0,1.0	0.605,1.0,1.0	0.132
30602	"RBM41"	"RBM41"	chrX	-	107115351	107115556	107115351	107115553	107115861	107116054	30602	8,34,37	0,1,0	106,41,25	11,4,2	72	69	8.36606500205e-05	0.010827059128428598	1.0,0.97,1.0	0.902,0.908,0.923	0.079
30943	"ACRBP"	"ACRBP"	chr12	-	6638587	6638863	6638587	6638821	6638953	6639037	30943	675,1180,1198	7,18,13	3019,2390,1216	87,66,11	111	69	0.000294488294558	0.023902750934303985	0.984,0.976,0.983	0.956,0.957,0.986	0.015
30945	"ACRBP"	"ACRBP"	chr12	-	6638587	6638880	6638587	6638821	6638953	6639037	30945	180,357,513	7,18,13	846,479,150	87,66,11	128	69	4.11898704034e-09	1.6313056494446492e-05	0.933,0.914,0.955	0.84,0.796,0.88	0.095
30950	"ACRBP"	"ACRBP"	chr12	-	6638587	6638880	6638587	6638863	6638953	6639037	30950	180,357,513	675,1180,1198	845,479,150	3018,2390,1216	86	69	1.26726254535e-06	0.000812068020828794	0.176,0.195,0.256	0.183,0.139,0.09	0.072
30980	"BAP1"	"BAP1"	chr3	-	52406252	52406338	52406252	52406322	52406828	52406907	30980	3,6,5	0,0,10	0,0,1	2,4,1	85	69	1.33599639218e-06	0.0008357293621844081	1.0,1.0,0.289	0.0,0.0,0.448	0.614
31122	"SLTM"	"SLTM"	chr15	-	58899468	58899883	58899468	58899709	58901259	58901287	31122	16,36,13	0,0,1	34,15,29	2,4,2	243	69	4.50130994802e-05	0.007831981209558242	1.0,1.0,0.787	0.828,0.516,0.805	0.213
31146	"MGST3"	"MGST3"	chr1	+	165649754	165649964	165649840	165649964	165631233	165631293	31146	0,1,9	34,118,83	61,1,6	216,71,53	155	69	1.58744347178e-06	0.0009524537006914091	0.0,0.004,0.046	0.112,0.006,0.048	-0.039
31176	"PLEKHA2"	"PLEKHA2"	chr8	+	38968591	38968669	38968595	38968669	38957322	38957386	31176	43,104,93	9,6,2	108,39,33	1,0,1	73	69	0.000164947263885	0.01699474299627688	0.819,0.942,0.978	0.99,1.0,0.969	-0.073
31214	"FKBP1B"	"FKBP1B"	chr2	+	24054107	24054192	24054163	24054192	24053901	24053949	31214	11,30,73	0,1,0	68,48,82	4,3,5	125	69	0.000366266618712	0.027415734682109335	1.0,0.943,1.0	0.904,0.898,0.901	0.08
31236	"ANO10"	"ANO10"	chr3	-	43551471	43551588	43551471	43551566	43555277	43555469	31236	0,0,2	1,8,21	1,13,5	50,28,13	91	69	0.000718833134275	0.041690734959839014	0.0,0.0,0.067	0.015,0.26,0.226	-0.145
31339	"PHC3"	"PHC3"	chr3	-	170102213	170102710	170102213	170102685	170102801	170102934	31339	13,15,18	0,1,0	43,20,12	1,3,6	94	69	0.000240554867338	0.020789796149905507	1.0,0.917,1.0	0.969,0.83,0.595	0.174
31433	"SLC25A43"	"SLC25A43"	chrX	+	119410189	119410362	119410281	119410362	119406459	119406701	31433	26,25,70	0,2,6	82,77,23	0,1,0	161	69	0.000615802239052	0.03747053415744116	1.0,0.843,0.833	1.0,0.971,1.0	-0.098
31456	"CTBS"	"CTBS"	chr1	-	84563734	84563914	84563734	84563832	84565840	84566012	31456	0,2,0	6,17,21	11,10,2	70,34,10	151	69	0.000222893002806	0.020096925530767414	0.0,0.051,0.0	0.067,0.118,0.084	-0.073
315	"RPL28"	"RPL28"	chr19	+	55388242	55392083	55391553	55392083	55387929	55388048	315	394,756,755	0,0,1	674,1450,431	8,5,0	3380	69	3.39946358624e-05	0.00683021788364366	1.0,1.0,0.939	0.632,0.855,1.0	0.151
31757	"MAN2C1"	"MAN2C1"	chr15	-	75359058	75359191	75359058	75359153	75359327	75359366	31757	0,0,1	2,10,7	8,0,6	9,6,14	107	69	5.63818143563e-05	0.008765203601083254	0.0,0.0,0.084	0.364,0.0,0.217	-0.166
31773	"NFATC3"	"NFATC3"	chr16	+	68157868	68158068	68157958	68158068	68126447	68126610	31773	8,26,22	0,0,0	62,16,5	4,3,0	159	69	0.000915781191544	0.04981432555990789	1.0,1.0,1.0	0.871,0.698,1.0	0.144
31854	"HELQ"	"HELQ"	chr4	-	83421562	83421736	83421562	83421672	83425993	83426092	31854	14,2,14	0,0,1	36,32,4	12,2,0	133	69	0.000206558175443	0.019224994000193996	1.0,1.0,0.879	0.609,0.892,1.0	0.126
31914	"CIRBP"	"CIRBP"	chr19	+	1271139	1271365	1271328	1271365	1270927	1271036	31914	58,563,486	6,7,2	471,642,892	0,3,2	258	69	0.000503939651829	0.03360407734137898	0.721,0.956,0.985	1.0,0.983,0.992	-0.104
31921	"GPD1L"	"GPD1L"	chr3	+	32158875	32159109	32158982	32159109	32146621	32146734	31921	43,112,96	0,0,1	162,59,91	12,0,1	176	69	0.000158822673112	0.0166198441533037	1.0,1.0,0.974	0.841,1.0,0.973	0.053
31922	"GAS2L1"	"GAS2L1"	chr22	+	29308058	29308738	29308086	29308738	29307345	29307657	31922	30,112,129	0,1,0	20,46,120	1,2,12	97	69	3.61902331969e-06	0.0017607888829299142	1.0,0.988,1.0	0.934,0.942,0.877	0.078
31938	"OMA1"	"OMA1"	chr1	-	58522826	58523000	58522826	58522912	58527260	58527335	31938	1,3,5	0,1,1	16,0,1	4,3,4	157	69	0.000525096941307	0.03430957748578409	1.0,0.569,0.687	0.637,0.0,0.099	0.507
32001	"TBXAS1"	"TBXAS1"	chr7	+	139782487	139782729	139782665	139782729	139780739	139780824	32001	0,2,1	1,8,9	21,2,5	13,7,10	247	69	0.000274312262536	0.022806981245595975	0.0,0.065,0.03	0.311,0.074,0.123	-0.138
3204	"TSC22D4"	"TSC22D4"	chr7	-	100477276	100478204	100477276	100477459	100478793	100479214	3204	240,2327,2451	0,2,2	2097,2903,1562	5,15,2	814	69	0.000824727368151	0.046200558941217953	1.0,0.99,0.99	0.973,0.943,0.985	0.026
3205	"TSC22D4"	"TSC22D4"	chr7	-	100477276	100478307	100477276	100477459	100478793	100479214	3205	276,2606,2744	0,2,2	2330,3245,1757	5,15,2	917	69	0.000785535628506	0.04496378555062776	1.0,0.99,0.99	0.972,0.942,0.985	0.027
3452	"ORC3"	"ORC3"	chr6	+	87656902	87656982	87656905	87656982	87653115	87653249	3452	0,1,3	4,1,2	8,1,1	0,2,0	72	69	0.00037247365823	0.027611759697205706	0.0,0.489,0.59	1.0,0.324,1.0	-0.415
375	"SRSF10"	"SRSF10"	chr1	-	23964346	23971439	23964346	23967956	23971572	23971623	375	82,340,421	0,3,3	486,384,209	0,0,2	3552	69	0.000822323078826	0.046164303952981836	1.0,0.688,0.732	1.0,1.0,0.67	-0.083
3849	"RASSF1"	"RASSF1"	chr3	-	50337904	50338023	50337904	50338011	50340555	50340836	3849	0,0,0	21,2,9	4,5,0	0,1,3	81	69	4.8535795939e-06	0.002027372388971532	0.0,0.0,0.0	1.0,0.81,0.0	-0.603
3913	"ACSL4"	"ACSL4"	chrX	-	109683135	109683666	109683135	109683372	109696143	109696196	3913	46,106,154	6,21,22	211,183,59	145,44,25	363	69	0.000163936213258	0.01695707138160407	0.593,0.49,0.571	0.217,0.442,0.31	0.228
3937	"ZNF133"	"ZNF133"	chr20	+	18305667	18305807	18305680	18305807	18305007	18305178	3937	0,2,1	7,6,2	26,3,5	6,5,2	82	69	3.42555938709e-05	0.00683021788364366	0.0,0.219,0.296	0.785,0.335,0.678	-0.428
4021	"C1orf112"	"C1orf112"	chr1	+	169829262	169829449	169829338	169829449	169827710	169827840	4021	4,14,4	0,4,3	10,1,12	0,0,0	145	69	2.87795294255e-05	0.006407835394882724	1.0,0.625,0.388	1.0,1.0,1.0	-0.329
4060	"PTCRA"	"PTCRA"	chr6	+	42925215	42925837	42925260	42925837	42924228	42924273	4060	3,235,142	286,1059,958	52,108,179	2161,768,1375	114	69	0.000226850221733	0.020096925530767414	0.006,0.118,0.082	0.014,0.078,0.073	0.014
4068	"CAMK2D"	"CAMK2D"	chr4	-	113509637	113509675	113509637	113509672	113513327	113513370	4068	4,70,42	0,1,0	132,111,57	15,3,2	72	69	0.000200324093483	0.019065868565338605	1.0,0.985,1.0	0.894,0.973,0.965	0.051
4220	"PITRM1"	"PITRM1"	chr10	-	3143388	3143775	3143388	3143501	3144291	3144366	4220	0,6,11	14,11,19	0,0,0	24,8,14	343	69	2.02123155575e-05	0.004962973520020537	0.0,0.099,0.104	0.0,0.0,0.0	0.068
436	"PIK3CD"	"PIK3CD"	chr1	+	9720741	9720909	9720744	9720909	9720610	9720661	436	3,15,15	4,2,1	7,10,9	0,0,0	72	69	0.000661012352448	0.03893896308490203	0.418,0.878,0.935	1.0,1.0,1.0	-0.256
4394	"DDX3X"	"DDX3X"	chrX	+	41337690	41339083	41339035	41339083	41337407	41337465	4394	13,114,115	44,79,43	58,146,51	189,90,60	1414	69	0.000453973317349	0.03132841568816101	0.014,0.066,0.115	0.015,0.073,0.04	0.022
4457	"SRRM1"	"SRRM1"	chr1	+	24661309	24661396	24661312	24661396	24660718	24660799	4457	16,34,29	8,7,10	71,69,2	1,6,1	72	69	0.000194395357213	0.01870823890130824	0.657,0.823,0.735	0.986,0.917,0.657	-0.115
449	"PGPEP1"	"PGPEP1"	chr19	+	18363390	18369950	18363430	18369950	18357382	18357615	449	6,23,19	0,0,0	20,7,19	0,6,2	109	69	0.000199976520965	0.019065868565338605	1.0,1.0,1.0	1.0,0.425,0.857	0.239
4516	"COPS3"	"COPS3"	chr17	-	17276034	17276183	17276034	17276164	17281131	17281303	4516	17,48,34	10,43,23	37,21,13	86,29,32	88	69	5.22974339808e-05	0.008504182524965353	0.571,0.467,0.537	0.252,0.362,0.242	0.24
4542	"MFSD11"	"MFSD11"	chr17	+	76741928	76742048	76741993	76742048	76740956	76741064	4542	4,8,17	0,7,3	41,12,8	0,1,0	134	69	4.30395997647e-05	0.007692376902163014	1.0,0.37,0.745	1.0,0.861,1.0	-0.249
4543	"MFSD11"	"MFSD11"	chr17	+	76741968	76742048	76741993	76742048	76740956	76741064	4543	16,12,51	0,7,3	69,68,18	0,1,0	94	69	0.000131490621522	0.014700651486159599	1.0,0.557,0.926	1.0,0.98,1.0	-0.166
46	"SMARCA4"	"SMARCA4"	chr19	+	11058254	11058363	11058257	11058363	11041297	11041560	46	2,2,12	0,0,1	2,5,5	7,2,2	72	69	4.37002056342e-06	0.001945992377334469	1.0,1.0,0.92	0.215,0.706,0.706	0.431
4756	"DOK3"	"DOK3"	chr5	-	177501904	177504660	177501904	177503392	177504742	177504915	4756	301,2148,2393	0,1,2	2249,1665,2439	22,1,21	1337	69	4.34634017665e-09	1.6313056494446492e-05	1.0,0.991,0.984	0.841,0.988,0.857	0.096
4806	"MFSD8"	"MFSD8"	chr4	-	127938782	127938838	127938782	127938836	127942044	127942158	4806	4,5,13	0,0,0	10,27,1	12,1,0	71	69	0.00031618398649	0.024723517491225505	1.0,1.0,1.0	0.447,0.963,1.0	0.197
4987	"TMEM91"	"TMEM91"	chr19	+	41383560	41384082	41383862	41384082	41378280	41378519	4987	46,594,367	0,1,3	481,404,712	13,7,4	371	69	0.000312030133345	0.024581231222553995	1.0,0.991,0.958	0.873,0.915,0.971	0.063
4989	"TMEM91"	"TMEM91"	chr19	+	41383714	41384082	41383862	41384082	41378280	41378519	4989	46,408,323	0,1,3	422,376,445	13,7,4	217	69	0.000374956683484	0.027611759697205706	1.0,0.992,0.972	0.912,0.945,0.973	0.045
5156	"ASDURF"	"ASDURF"	chr2	+	189665375	189665451	189665421	189665451	189663900	189663954	5156	0,15,17	6,0,6	30,14,6	0,1,0	115	69	6.29583882199e-05	0.009506354791387544	0.0,1.0,0.63	1.0,0.894,1.0	-0.421
5157	"DRAM2"	"DRAM2"	chr1	-	111139500	111139711	111139500	111139666	111140037	111140216	5157	6,5,6	0,2,1	15,1,7	13,5,5	114	69	0.000628049549006	0.037759143709461415	1.0,0.602,0.784	0.411,0.108,0.459	0.469
5318	"MTA1"	"MTA1"	chr14	+	105464415	105464567	105464462	105464567	105464031	105464147	5318	6,12,34	0,2,7	21,20,49	0,0,1	116	69	3.75990183659e-05	0.007158484793380502	1.0,0.781,0.743	1.0,1.0,0.967	-0.148
5395	"RFC2"	"RFC2"	chr7	-	74249011	74249220	74249011	74249118	74249738	74249780	5395	0,5,0	4,18,17	6,4,6	10,5,7	171	69	0.0002978088493	0.02392762048213731	0.0,0.101,0.0	0.195,0.244,0.257	-0.198
5465	"GLT8D1"	"GLT8D1"	chr3	-	52704723	52704952	52704723	52704948	52705446	52706083	5465	4,4,9	0,1,1	0,7,2	6,1,1	73	69	0.000815417314408	0.04614704086008942	1.0,0.791,0.895	0.0,0.869,0.654	0.388
5471	"PRRG2"	"PRRG2"	chr19	+	49583374	49583717	49583541	49583717	49583206	49583304	5471	0,2,1	2,2,4	9,7,3	2,3,4	236	69	0.000656806196682	0.03893896308490203	0.0,0.226,0.068	0.568,0.406,0.18	-0.287
5505	"ASB16-AS1"	"ASB16-AS1"	chr17	-	44175973	44177816	44175973	44176642	44181622	44181720	5505	32,163,197	0,0,0	125,144,115	1,11,1	1243	69	1.01444670453e-06	0.0007013831123188602	1.0,1.0,1.0	0.874,0.421,0.865	0.28
5510	"TNIP1"	"TNIP1"	chr5	-	151029944	151030747	151029944	151030673	151032286	151032383	5510	53,187,156	4,11,7	171,122,85	0,2,3	143	69	0.000220754803227	0.020068826799941077	0.865,0.891,0.915	1.0,0.967,0.932	-0.076
5553	"DBN1"	"DBN1"	chr5	-	177468107	177468220	177468107	177468217	177468843	177468899	5553	28,55,118	0,1,0	108,36,180	29,0,9	72	69	1.89349550261e-07	0.0002349672854875787	1.0,0.981,1.0	0.781,1.0,0.95	0.083
5668	"SP3"	"SP3"	chr2	-	173963760	173963883	173963760	173963874	173964404	173964553	5668	8,23,36	0,13,3	50,28,46	0,0,1	78	69	5.09293105744e-06	0.002027372388971532	1.0,0.61,0.914	1.0,1.0,0.976	-0.151
5697	"ASH1L"	"ASH1L"	chr1	-	155380042	155380131	155380042	155380116	155395458	155395553	5697	0,3,0	22,22,39	13,5,2	52,51,11	84	69	0.000116288457933	0.013700657646967304	0.0,0.101,0.0	0.17,0.075,0.13	-0.091
5725	"WDR31"	"WDR31"	chr9	-	113330983	113331116	113330983	113331113	113331906	113332050	5725	0,0,1	10,2,1	10,19,0	2,3,2	72	69	1.31360653601e-05	0.0037925697275374426	0.0,0.0,0.489	0.827,0.859,0.0	-0.399
5729	"PGS1"	"PGS1"	chr17	+	78414878	78415027	78414951	78415027	78403567	78404089	5729	7,12,41	0,0,1	13,9,53	5,0,6	142	69	6.58596813674e-05	0.009770718375188527	1.0,1.0,0.952	0.558,1.0,0.811	0.194
5850	"MINDY1"	"MINDY1"	chr1	-	151002164	151002968	151002164	151002706	151006311	151006902	5850	203,1001,1508	95,432,466	1800,1577,909	1102,824,495	331	69	0.000642366506741	0.03835658007183248	0.308,0.326,0.403	0.254,0.285,0.277	0.074
5866	"DCAKD"	"DCAKD"	chr17	-	45034773	45035002	45034773	45034999	45051552	45051632	5866	3,8,6	6,44,59	1,1,4	67,21,117	72	69	0.000210073389927	0.01929810550193032	0.324,0.148,0.089	0.014,0.044,0.032	0.157
59	"TP73-AS1"	"TP73-AS1"	chr1	-	3742803	3742957	3742803	3742911	3743060	3743190	59	2,1,2	0,0,1	0,2,5	8,1,0	115	69	0.000472771284504	0.032179067248118115	1.0,1.0,0.545	0.0,0.545,1.0	0.333
5947	"LYPLAL1"	"LYPLAL1"	chr1	+	219193081	219193251	219193129	219193251	219179146	219179246	5947	458,646,773	51,73,114	1386,1993,217	467,326,42	117	69	0.00017574637948	0.017545872255861676	0.841,0.839,0.8	0.636,0.783,0.753	0.103
6141	"LARP1B"	"LARP1B"	chr4	+	128178430	128178642	128178511	128178642	128176871	128176907	6141	1,8,2	0,0,1	3,30,5	13,6,0	150	69	0.000259757946836	0.02208615060589718	1.0,1.0,0.479	0.096,0.697,1.0	0.229
6160	"PNPLA8"	"PNPLA8"	chr7	-	108514435	108515574	108514435	108515447	108526028	108526135	6160	2,9,21	0,0,0	16,17,9	4,7,1	196	69	5.33623456533e-09	1.7524861341864387e-05	1.0,1.0,1.0	0.585,0.461,0.76	0.398
6215	"ZC3H11A"	"ZC3H11A"	chr1	+	203796292	203796601	203796450	203796601	203795536	203795794	6215	99,513,499	0,1,1	824,1047,389	12,9,4	227	69	0.000615920583858	0.03747053415744116	1.0,0.994,0.993	0.954,0.972,0.967	0.031
6216	"ZC3H11A"	"ZC3H11A"	chr1	+	203796292	203796496	203796450	203796496	203795622	203795775	6216	95,494,475	0,2,2	722,946,378	22,7,0	227	69	0.000428548009089	0.030023848551337873	1.0,0.987,0.986	0.909,0.976,1.0	0.029
6267	"TAPBPL"	"TAPBPL"	chr12	+	6461123	6461390	6461158	6461390	6460854	6460938	6267	0,2,0	4,0,2	2,1,4	0,0,0	104	69	2.32430534264e-07	0.0002655064098573075	0.0,1.0,0.0	1.0,1.0,1.0	-0.667
6393	"HMBOX1"	"HMBOX1"	chr8	+	29048956	29049048	29048959	29049048	29047357	29047453	6393	4,10,7	0,0,0	15,8,5	4,2,2	72	69	4.57979780006e-05	0.007864380888952706	1.0,1.0,1.0	0.782,0.793,0.706	0.24
6417	"LRBA"	"LRBA"	chr4	-	150321190	150321383	150321190	150321368	150325808	150325898	6417	23,104,74	178,445,500	100,68,51	1272,486,363	84	69	0.000480643124086	0.03254622886368937	0.096,0.161,0.108	0.061,0.103,0.103	0.033
6563	"TBC1D10C"	"TBC1D10C"	chr11	+	67406602	67406692	67406626	67406692	67405902	67406017	6563	0,3,5	11,1,8	0,0,0	15,3,4	93	69	0.000374906138572	0.027611759697205706	0.0,0.69,0.317	0.0,0.0,0.0	0.336
6663	"TASOR"	"TASOR"	chr3	-	56620131	56623843	56620131	56623566	56624478	56624643	6663	40,107,171	0,0,0	168,169,72	6,4,1	346	69	3.76002322341e-05	0.007158484793380502	1.0,1.0,1.0	0.848,0.894,0.935	0.108
6725	"KIF20B"	"KIF20B"	chr10	+	89726292	89726521	89726412	89726521	89725019	89725158	6725	0,1,2	11,10,18	11,8,3	15,20,3	189	69	7.41966902129e-06	0.002707457836060447	0.0,0.035,0.039	0.211,0.127,0.267	-0.177
6734	"TCF4"	"TCF4"	chr18	-	55279550	55279674	55279550	55279656	55350358	55350408	6734	0,1,1	20,57,27	0,14,3	56,32,37	87	69	0.000159410829621	0.0166198441533037	0.0,0.014,0.029	0.0,0.258,0.06	-0.092
6763	"BUD31"	"BUD31"	chr7	+	99410033	99410169	99410036	99410169	99408968	99409004	6763	14,18,15	0,0,0	57,52,15	3,2,6	72	69	0.000319187939835	0.024884346419243187	1.0,1.0,1.0	0.948,0.961,0.706	0.128
6764	"BUD31"	"BUD31"	chr7	+	99410033	99410169	99410036	99410169	99408968	99409245	6764	7,22,12	0,0,0	14,41,10	11,2,0	72	69	0.000101680357311	0.012483401998279922	1.0,1.0,1.0	0.549,0.952,1.0	0.166
6776	"YEATS2"	"YEATS2"	chr3	+	183754122	183754365	183754125	183754365	183752072	183752253	6776	4,8,32	13,43,87	70,64,19	62,67,24	72	69	1.56129137063e-07	0.00020509904090280996	0.228,0.151,0.261	0.52,0.478,0.431	-0.263
6889	"MED8"	"MED8"	chr1	-	43388309	43388489	43388309	43388428	43389758	43389800	6889	0,0,0	2,3,3	11,2,2	3,7,7	130	69	8.17633947803e-06	0.002902931987922732	0.0,0.0,0.0	0.661,0.132,0.132	-0.308
6901	"ARID5A"	"ARID5A"	chr2	+	96550025	96550285	96550187	96550285	96549752	96549805	6901	8,19,11	0,10,9	0,6,4	12,21,4	231	69	0.000840468989129	0.04678571314889491	1.0,0.362,0.267	0.0,0.079,0.23	0.44
7040	"NACA"	"NACA"	chr12	-	56724451	56724549	56724451	56724523	56725262	56725299	7040	0,2,7	5,46,49	13,22,6	26,97,23	95	69	0.000527578476164	0.03430957748578409	0.0,0.031,0.094	0.266,0.141,0.159	-0.147
7045	"RBBP5"	"RBBP5"	chr1	-	205114788	205114961	205114788	205114905	205115857	205115883	7045	6,58,24	0,3,0	29,30,17	14,6,6	125	69	1.96752570347e-07	0.0002349672854875787	1.0,0.914,1.0	0.533,0.734,0.61	0.346
7171	"RICTOR"	"RICTOR"	chr5	-	38945490	38945724	38945490	38945610	38946467	38946552	7171	2,3,10	0,0,0	2,30,10	3,1,2	183	69	0.000142718843301	0.015623550708529887	1.0,1.0,1.0	0.201,0.919,0.653	0.409
7183	"MPC1"	"MPC1"	chr6	-	166365973	166366106	166365973	166366062	166366794	166366891	7183	52,134,77	0,2,0	136,94,111	4,5,7	113	69	0.000225578254798	0.020096925530767414	1.0,0.976,1.0	0.954,0.92,0.906	0.065
7214	"TCFL5"	"TCFL5"	chr20	-	62857394	62857638	62857394	62857635	62859363	62859526	7214	14,5,6	0,1,0	20,11,4	3,4,1	72	69	0.000526956048841	0.03430957748578409	1.0,0.827,1.0	0.865,0.725,0.793	0.148
7226	"DERPC"	"DERPC"	chr16	-	69118008	69120649	69118008	69118525	69121052	69121170	7226	609,3710,4503	0,0,0	3930,3980,3359	14,3,2	2193	69	3.02840532449e-05	0.0066304410908604805	1.0,1.0,1.0	0.898,0.977,0.981	0.048
73	"C15orf54"	"C15orf54"	chr15	+	39251947	39254842	39252058	39254842	39250668	39250863	73	777,829,895	47,47,110	2081,4535,738	117,210,26	180	69	0.000901647753301	0.049352888513441016	0.864,0.871,0.757	0.872,0.892,0.916	-0.063
7352	"GAS2L1"	"GAS2L1"	chr22	+	29308058	29308738	29308086	29308738	29307022	29307153	7352	34,158,152	134,700,666	32,55,144	829,274,625	97	69	0.000133250152247	0.014815537041307305	0.153,0.138,0.14	0.027,0.125,0.141	0.046
7577	"PHIP"	"PHIP"	chr6	-	78990867	78990985	78990867	78990982	78997413	78997597	7577	3,10,15	0,1,0	24,32,19	5,3,3	72	69	0.000616229226922	0.03747053415744116	1.0,0.906,1.0	0.821,0.911,0.859	0.105
7677	"XPO1"	"XPO1"	chr2	-	61525269	61525592	61525269	61525574	61526419	61526521	7677	0,0,1	2,1,8	16,3,2	21,20,6	87	69	6.93027662513e-05	0.009959569808856357	0.0,0.0,0.09	0.377,0.106,0.209	-0.201
7911	"SEL1L"	"SEL1L"	chr14	-	81506073	81506241	81506073	81506178	81526732	81526964	7911	29,49,66	0,1,0	114,76,74	2,7,3	132	69	0.000605020859408	0.037313880373770855	1.0,0.962,1.0	0.968,0.85,0.928	0.072
7955	"ADAM17"	"ADAM17"	chr2	-	9526110	9526264	9526110	9526244	9527785	9527954	7955	0,0,3	7,27,31	22,12,4	110,48,14	89	69	2.43927360845e-05	0.005572785696939726	0.0,0.0,0.07	0.134,0.162,0.181	-0.136
8	"TTC31"	"TTC31"	chr2	+	74491943	74492055	74492003	74492055	74491480	74491672	8	3,0,1	0,1,0	12,0,1	15,2,0	129	69	0.000227834211933	0.020096925530767414	1.0,0.0,1.0	0.3,0.0,1.0	0.233
8108	"LOC389765"	"LOC389765"	chr9	+	85840725	85840849	85840749	85840849	85840076	85840262	8108	4,6,2	30,39,38	1,1,2	76,107,21	93	69	0.000660661269676	0.03893896308490203	0.09,0.102,0.038	0.01,0.007,0.066	0.049
8229	"LOC101929709"	"LOC101929709"	chr8	-	89724628	89724966	89724628	89724798	89725517	89725641	8229	34,22,27	10,0,0	106,54,12	0,0,0	237	69	0.00060979070438	0.03747053415744116	0.497,1.0,1.0	1.0,1.0,1.0	-0.168
8230	"LOC101929709"	"LOC101929709"	chr8	-	89724628	89724966	89724628	89724962	89725517	89725641	8230	34,22,27	10,2,0	106,54,12	0,0,0	73	69	5.61335698357e-06	0.0021373873627439795	0.763,0.912,1.0	1.0,1.0,1.0	-0.108
8274	"CD68"	"CD68"	chr17	+	7579848	7580327	7579890	7580327	7579637	7579726	8274	6,1,8	16,35,61	0,0,3	112,65,40	111	69	4.27828404598e-05	0.007692376902163014	0.189,0.017,0.075	0.0,0.0,0.045	0.079
8288	"WIPF1"	"WIPF1"	chr2	-	174575203	174575406	174575203	174575371	174581309	174581439	8288	0,0,0	5,7,9	2,3,1	1,0,5	104	69	0.000231307304086	0.020189823256649427	0.0,0.0,0.0	0.57,1.0,0.117	-0.562
8482	"LOC105375423"	"LOC105375423"	chr7	+	99999378	99999492	99999382	99999492	99997689	99997786	8482	0,0,0	4,5,4	0,4,2	3,4,3	73	69	0.000552618506387	0.035498645521529704	0.0,0.0,0.0	0.0,0.486,0.387	-0.291
8508	"TOP2B"	"TOP2B"	chr3	-	25630028	25630174	25630028	25630154	25630311	25630469	8508	0,0,0	9,59,44	18,0,1	67,46,29	89	69	8.36430015216e-06	0.0029300701053026623	0.0,0.0,0.0	0.172,0.0,0.026	-0.066
8523	"ARMH3"	"ARMH3"	chr10	-	102011722	102011797	102011722	102011783	102012832	102012876	8523	8,2,3	3,10,18	0,2,0	16,39,7	83	69	3.43161709984e-05	0.00683021788364366	0.689,0.143,0.122	0.0,0.041,0.0	0.304
8539	"RNF44"	"RNF44"	chr5	-	176531462	176531630	176531462	176531557	176532003	176532193	8539	11,56,36	0,0,0	64,28,46	2,2,4	142	69	0.00081841515522	0.04614704086008942	1.0,1.0,1.0	0.94,0.872,0.848	0.113
8565	"IRAK3"	"IRAK3"	chr12	+	66244379	66244684	66244562	66244684	66228251	66228370	8565	3,1,2	0,0,1	15,0,1	16,6,0	252	69	4.47147068376e-05	0.007831929951628432	1.0,1.0,0.354	0.204,0.0,1.0	0.383
8566	"IRAK3"	"IRAK3"	chr12	+	66244485	66244684	66244562	66244684	66228251	66228370	8566	26,12,29	0,0,1	83,45,14	16,6,0	146	69	8.97214020612e-06	0.00302211589276142	1.0,1.0,0.932	0.71,0.78,1.0	0.147
857	"SRSF11"	"SRSF11"	chr1	+	70249930	70250047	70249951	70250047	70246817	70246907	857	0,1,0	6,14,36	5,7,2	56,34,6	90	69	0.00013087434375	0.014700651486159599	0.0,0.052,0.0	0.064,0.136,0.204	-0.117
8634	"RBBP7"	"RBBP7"	chrX	-	16852415	16852628	16852415	16852550	16852748	16852875	8634	14,53,97	0,0,0	180,70,75	11,0,3	147	69	8.21506013791e-05	0.010827059128428598	1.0,1.0,1.0	0.885,1.0,0.921	0.065
8750	"PKN1"	"PKN1"	chr19	+	14446408	14446561	14446425	14446561	14443469	14443621	8750	0,1,1	37,58,47	12,2,0	46,60,34	86	69	0.000378132869648	0.027750516436485764	0.0,0.014,0.017	0.173,0.026,0.0	-0.056
8836	"GFI1B"	"GFI1B"	chr9	+	132988198	132988433	132988267	132988433	132987281	132987419	8836	0,1,2	2,18,11	9,12,4	27,12,19	138	69	0.000281135232655	0.023227251470266712	0.0,0.027,0.083	0.143,0.333,0.095	-0.154
8919	"STK39"	"STK39"	chr2	-	168016474	168016936	168016474	168016515	168017042	168017095	8919	2,7,5	0,3,3	32,13,7	0,0,0	490	69	3.26934916139e-07	0.0003303677327584595	1.0,0.247,0.19	1.0,1.0,1.0	-0.521
9229	"TEC"	"TEC"	chr4	-	48149556	48149690	48149556	48149685	48150862	48150942	9229	1,6,8	0,0,1	52,14,13	19,0,1	74	69	0.000413389610871	0.029433564353424885	1.0,1.0,0.882	0.718,1.0,0.924	0.08
9267	"SF3B2"	"SF3B2"	chr11	+	66055534	66055585	66055537	66055585	66055075	66055315	9267	10,54,24	4,4,4	31,48,33	0,1,2	72	69	0.000488321233468	0.032981140788958266	0.706,0.928,0.852	1.0,0.979,0.941	-0.145
9303	"MEF2C-AS1"	"MEF2C-AS1"	chr5	+	89031757	89031866	89031760	89031866	88965840	88965915	9303	11,16,16	0,2,0	48,13,10	13,2,1	72	69	0.000147478387053	0.015945266103059543	1.0,0.885,1.0	0.78,0.862,0.906	0.112
9317	"TMEM40"	"TMEM40"	chr3	-	12738135	12738629	12738135	12738168	12742453	12742507	9317	26,65,131	0,0,0	58,107,52	5,6,1	530	69	7.99471445712e-08	0.00012525512900644656	1.0,1.0,1.0	0.602,0.699,0.871	0.276
9362	"PIP4K2A"	"PIP4K2A"	chr10	-	22713049	22713193	22713049	22713158	22713935	22714108	9362	22,3,6	0,0,0	71,3,3	14,0,0	104	69	1.58572370523e-05	0.00425119580688855	1.0,1.0,1.0	0.771,1.0,1.0	0.076
9395	"CS"	"CS"	chr12	-	56275995	56276195	56275995	56276143	56282419	56282608	9395	2,16,23	0,0,0	74,38,17	10,0,0	121	69	0.000312097029052	0.024581231222553995	1.0,1.0,1.0	0.808,1.0,1.0	0.064
9579	"MAP3K5"	"MAP3K5"	chr6	-	136698488	136698751	136698488	136698720	136705109	136705133	9579	2,2,5	0,2,6	3,20,9	0,0,0	100	69	1.03185653507e-05	0.003346909474801742	1.0,0.408,0.365	1.0,1.0,1.0	-0.409
9660	"CGRRF1"	"CGRRF1"	chr14	+	54523012	54523245	54523149	54523245	54522453	54522593	9660	0,0,1	4,5,6	12,3,0	35,10,4	206	69	0.000668361738321	0.039196133818990245	0.0,0.0,0.053	0.103,0.091,0.0	-0.047
9751	"AP4E1"	"AP4E1"	chr15	+	50934535	50934697	50934623	50934697	50930804	50930971	9751	4,0,6	12,9,4	0,1,0	10,6,14	157	69	0.000366015135896	0.027415734682109335	0.128,0.0,0.397	0.0,0.068,0.0	0.152
9755	"SEC22B"	"SEC22B"	chr1	-	120159304	120159422	120159304	120159402	120160383	120160530	9755	0,0,0	2,10,2	14,2,0	23,7,7	89	69	7.79459551314e-06	0.0028053069577633864	0.0,0.0,0.0	0.321,0.181,0.0	-0.167
9881	"KATNBL1"	"KATNBL1"	chr15	-	34146976	34147289	34146976	34147282	34147379	34147430	9881	10,15,9	0,0,0	4,12,13	3,4,0	76	69	0.000379445032436	0.027769246064598966	1.0,1.0,1.0	0.548,0.731,1.0	0.24
9925	"TSPAN32"	"TSPAN32"	chr11	+	2317343	2317525	2317423	2317525	2316575	2316667	9925	10,45,84	0,0,2	135,46,116	20,0,4	149	69	0.000133646035047	0.014815537041307305	1.0,1.0,0.951	0.758,1.0,0.931	0.087
