ID	GeneID	geneSymbol	chr	strand	longExonStart_0base	longExonEnd	shortES	shortEE	flankingES	flankingEE	ID	IJC_SAMPLE_1	SJC_SAMPLE_1	IJC_SAMPLE_2	SJC_SAMPLE_2	IncFormLen	SkipFormLen	PValue	FDR	IncLevel1	IncLevel2	IncLevelDifference
1	"MLC1"	"MLC1"	chr22	-	50085138	50085426	50085354	50085426	50084725	50084961	1	12,2,54	19,30,171	14,5,12	146,46,58	285	69	0.000572817598004	0.03676840506433223	0.133,0.016,0.071	0.023,0.026,0.048	0.041
10003	"LIMS1"	"LIMS1"	chr2	+	108588305	108588504	108588305	108588425	108670780	108670847	10003	0,2,0	1,24,14	6,5,4	20,34,6	148	69	0.000338287655747	0.026155786473893043	0.0,0.037,0.0	0.123,0.064,0.237	-0.129
10052	"ZNF778"	"ZNF778"	chr16	+	89223156	89223384	89223156	89223283	89224718	89224802	10052	0,0,0	1,10,6	4,3,1	12,6,5	170	69	0.000863458975109	0.047634931351148393	0.0,0.0,0.0	0.119,0.169,0.075	-0.121
1006	"ZNF148"	"ZNF148"	chr3	-	125323308	125323444	125323387	125323444	125313307	125313656	1006	69,318,170	0,12,8	385,483,123	0,3,1	148	69	2.37779688139e-06	0.001277252366919281	1.0,0.925,0.908	1.0,0.987,0.983	-0.046
10084	"ICE2"	"ICE2"	chr15	-	60448847	60449841	60449484	60449841	60447969	60448145	10084	8,15,9	0,1,0	29,13,15	0,1,5	706	69	0.000587105814938	0.03717659573659493	1.0,0.594,1.0	1.0,0.56,0.227	0.269
10195	"EFCAB13"	"EFCAB13"	chr17	+	47341352	47341638	47341352	47341499	47341920	47342032	10195	12,3,1	8,11,22	2,2,2	113,77,11	208	69	9.29311297881e-06	0.0033279126688328022	0.332,0.083,0.015	0.006,0.009,0.057	0.119
10206	"EFCAB13"	"EFCAB13"	chr17	+	47389222	47389427	47389222	47389377	47391436	47391580	10206	0,2,0	2,0,2	10,8,6	0,0,0	119	69	1.81481740569e-06	0.0011225470571195235	0.0,1.0,0.0	1.0,1.0,1.0	-0.667
10284	"SNCA"	"SNCA"	chr4	-	89836059	89836529	89836460	89836529	89835546	89835692	10284	4,8,12	0,4,3	3,10,30	0,1,0	470	69	3.20931931967e-05	0.006617032924555963	1.0,0.227,0.37	1.0,0.595,1.0	-0.333
10308	"OTULIN"	"OTULIN"	chr5	+	14681463	14681624	14681463	14681607	14687520	14687646	10308	0,0,2	1,31,55	12,4,0	51,27,43	86	69	0.000212984305769	0.019151698895845056	0.0,0.0,0.028	0.159,0.106,0.0	-0.079
10472	"RGPD8"	"RGPD8"	chr2	-	112399931	112400194	112400035	112400194	112399631	112399769	10472	0,1,1	16,18,38	3,22,1	50,128,3	173	69	0.000353691172566	0.027039491439764765	0.0,0.022,0.01	0.023,0.064,0.117	-0.057
10476	"RNF24"	"RNF24"	chr20	-	4015144	4015558	4015436	4015558	3989584	3989855	10476	14,42,25	16,39,52	36,31,23	152,89,27	361	69	0.000698790293946	0.04122458809255998	0.143,0.171,0.084	0.043,0.062,0.14	0.051
10477	"RNF24"	"RNF24"	chr20	-	4015200	4015558	4015436	4015558	3989584	3989855	10477	12,35,32	16,39,52	41,25,20	152,89,27	305	69	0.000329570202848	0.026041165122369026	0.145,0.169,0.122	0.058,0.06,0.144	0.058
1057	"SAMD9L"	"SAMD9L"	chr7	-	93146882	93147146	93147087	93147146	93145384	93146040	1057	5,2,10	3,1,3	7,17,3	0,1,0	274	69	1.92713175406e-06	0.0011569592165844916	0.296,0.335,0.456	1.0,0.811,1.0	-0.575
10757	"CTSA"	"CTSA"	chr20	+	45891334	45891449	45891334	45891379	45891568	45891762	10757	0,49,43	25,258,176	8,14,53	75,121,4698	139	69	0	0.0	0.0,0.086,0.108	0.05,0.054,0.006	0.028
10804	"PPP2R5A"	"PPP2R5A"	chr1	+	212329134	212329331	212329134	212329270	212333496	212333598	10804	108,216,287	18,5,9	486,461,122	3,6,4	130	69	1.45455269496e-05	0.004067168439660756	0.761,0.958,0.944	0.989,0.976,0.942	-0.081
10910	"CD27-AS1"	"CD27-AS1"	chr12	-	6447937	6448041	6448036	6448041	6446960	6447087	10910	4,4,7	56,171,158	85,6,5	270,194,142	168	69	2.63676164891e-06	0.0013455394694387728	0.029,0.01,0.018	0.114,0.013,0.014	-0.028
11053	"GNAS"	"GNAS"	chr20	+	58889179	58889332	58889179	58889213	58895611	58895684	11053	4,11,12	2,3,1	7,6,15	0,1,0	188	69	0.00022781363647	0.019997466639177938	0.423,0.574,0.815	1.0,0.688,1.0	-0.292
11056	"GNAS"	"GNAS"	chr20	+	58889179	58889549	58889179	58889213	58895611	58895684	11056	5,36,19	2,3,1	63,35,20	0,1,0	405	69	0.000108653118234	0.013201353865431	0.299,0.672,0.764	1.0,0.856,1.0	-0.374
11210	"BCAS3"	"BCAS3"	chr17	+	60688931	60689046	60688931	60688987	60689685	60689761	11210	2,3,6	0,0,0	4,4,6	8,1,0	128	69	0.000138676076935	0.015300843688633622	1.0,1.0,1.0	0.212,0.683,1.0	0.368
11295	"MFNG"	"MFNG"	chr22	-	37485922	37486384	37485947	37486384	37480196	37480299	11295	1,10,19	0,0,1	27,17,5	0,3,7	94	69	0.000298914112469	0.0241163433348507	1.0,1.0,0.933	1.0,0.806,0.344	0.261
11345	"XRN1"	"XRN1"	chr3	-	142376478	142376795	142376661	142376795	142375797	142375944	11345	26,128,116	0,0,1	138,179,108	12,1,0	252	69	0.000352353466277	0.027038492306940314	1.0,1.0,0.969	0.759,0.98,1.0	0.077
11559	"TUBA4A"	"TUBA4A"	chr2	-	219253208	219253369	219253262	219253369	219252007	219252230	11559	96,688,387	0,5,10	566,420,460	22,12,17	123	69	0.000160337518078	0.016427247584064716	1.0,0.987,0.956	0.935,0.952,0.938	0.039
11631	"NUTM2A-AS1"	"NUTM2A-AS1"	chr10	-	87326625	87326672	87326629	87326672	87288441	87288495	11631	3,12,24	150,153,295	79,86,2	576,438,106	73	69	0.00047637063181	0.03349663936608767	0.019,0.069,0.071	0.115,0.157,0.018	-0.044
11951	"IRF1"	"IRF1"	chr5	-	132484361	132484497	132484394	132484497	132481608	132484075	11951	6,2,11	4,2,0	1,11,8	0,0,0	102	69	0.000546052531685	0.03572443678446865	0.504,0.404,1.0	1.0,1.0,1.0	-0.364
12048	"ATRX"	"ATRX"	chrX	-	77651982	77652353	77652113	77652353	77635914	77636056	12048	0,1,0	1,18,24	3,14,0	15,27,28	200	69	0.000158160132293	0.016427247584064716	0.0,0.019,0.0	0.065,0.152,0.0	-0.066
12052	"CATSPER1"	"CATSPER1"	chr11	-	66018787	66018902	66018826	66018902	66017059	66017174	12052	1,11,14	2,13,26	45,35,9	22,23,5	108	69	0.000927797340798	0.04957643801143659	0.242,0.351,0.256	0.567,0.493,0.535	-0.249
12097	"AP2B1"	"AP2B1"	chr17	+	35587321	35587635	35587321	35587597	35594007	35594067	12097	0,3,4	4,7,5	0,0,1	5,10,8	107	69	0.000882680222168	0.04856406656305449	0.0,0.217,0.34	0.0,0.0,0.075	0.161
12173	"BCL7B"	"BCL7B"	chr7	-	73557486	73557690	73557518	73557690	73552166	73552242	12173	8,20,31	0,1,0	38,22,20	14,0,2	101	69	4.29101993789e-05	0.007550715428638851	1.0,0.932,1.0	0.65,1.0,0.872	0.137
12234	"CHD1L"	"CHD1L"	chr1	+	147268762	147268882	147268762	147268878	147270931	147271005	12234	1,2,0	33,64,91	41,0,0	170,38,110	73	69	3.40519693874e-05	0.006950687991356088	0.028,0.029,0.0	0.186,0.0,0.0	-0.043
12235	"CHD1L"	"CHD1L"	chr1	+	147268762	147268885	147268762	147268878	147270931	147271005	12235	1,1,0	33,64,91	41,0,0	170,38,110	76	69	6.89909147833e-06	0.0028739643929728974	0.027,0.014,0.0	0.18,0.0,0.0	-0.046
12237	"CHD1L"	"CHD1L"	chr1	+	147268762	147268885	147268762	147268878	147272170	147272281	12237	1,0,0	5,31,45	41,0,1	73,27,40	76	69	4.59238770439e-05	0.007877295615294847	0.154,0.0,0.0	0.338,0.0,0.022	-0.069
12244	"CHD1L"	"CHD1L"	chr1	+	147272446	147272630	147272446	147272475	147275353	147275468	12244	10,2,7	0,0,0	0,5,2	9,0,3	224	69	2.48910199119e-08	5.6452833160189204e-05	1.0,1.0,1.0	0.0,1.0,0.17	0.61
1226	"AFAP1L2"	"AFAP1L2"	chr10	-	114297219	114297413	114297231	114297413	114296977	114297100	1226	14,89,63	23,55,49	92,108,22	24,38,10	81	69	0.00044872435615	0.03213811072889053	0.341,0.58,0.523	0.766,0.708,0.652	-0.227
12338	"CD164"	"CD164"	chr6	-	109381530	109381739	109381550	109381739	109379578	109379662	12338	0,2,0	2,2,2	2,5,1	0,9,0	89	69	0.000597626089172	0.037650443617836	0.0,0.437,0.0	1.0,0.301,1.0	-0.621
12547	"SUCO"	"SUCO"	chr1	+	172553259	172553368	172553259	172553305	172555868	172556023	12547	44,95,81	0,0,2	147,217,38	14,2,0	132	69	0.00093172520969	0.049656331540972015	1.0,1.0,0.955	0.846,0.983,1.0	0.042
12554	"SUCO"	"SUCO"	chr1	+	172588759	172589926	172588759	172588862	172590983	172591071	12554	78,204,175	0,0,0	391,321,167	7,4,0	1133	69	1.39777669921e-05	0.004018509575249933	1.0,1.0,1.0	0.773,0.83,1.0	0.132
12588	"BTN3A1"	"BTN3A1"	chr6	+	26405357	26405648	26405357	26405572	26405908	26406256	12588	24,101,103	0,0,0	234,88,115	14,3,0	145	69	3.91535932227e-05	0.007400029119090301	1.0,1.0,1.0	0.888,0.933,1.0	0.06
12619	"UROD"	"UROD"	chr1	+	45013161	45013354	45013161	45013215	45013593	45013791	12619	27,109,150	0,0,1	345,94,137	12,0,3	208	69	0.000333665043367	0.026041165122369026	1.0,1.0,0.98	0.905,1.0,0.938	0.046
12632	"TXK"	"TXK"	chr4	-	48089640	48089824	48089749	48089824	48086465	48086637	12632	0,0,2	9,3,10	15,1,0	21,7,2	178	69	0.000362107302321	0.027371873036303736	0.0,0.0,0.072	0.217,0.052,0.0	-0.066
12661	"CNTROB"	"CNTROB"	chr17	+	7948486	7948619	7948486	7948615	7949084	7949157	12661	10,5,12	0,0,1	33,6,10	8,1,2	73	69	0.000126027103913	0.014349571308815399	1.0,1.0,0.919	0.796,0.85,0.825	0.149
12694	"LRMP"	"LRMP"	chr12	+	25104008	25104461	25104008	25104058	25106942	25107050	12694	7,103,85	1,4,2	10,111,83	0,0,1	472	69	0.000761292353496	0.043165276443223204	0.506,0.79,0.861	1.0,1.0,0.924	-0.256
12740	"ZNF347"	"ZNF347"	chr19	-	53153727	53153793	53153732	53153793	53149240	53149367	12740	0,0,1	5,16,22	9,3,0	23,44,18	74	69	0.000459713978214	0.032701060170799906	0.0,0.0,0.041	0.267,0.06,0.0	-0.095
12749	"EIF4G3"	"EIF4G3"	chr1	-	20817391	20817535	20817397	20817535	20813157	20813239	12749	13,169,262	0,0,1	431,200,241	26,2,6	75	69	1.32838295048e-05	0.00391908752879904	1.0,1.0,0.996	0.938,0.989,0.974	0.032
13070	"OCIAD1"	"OCIAD1"	chr4	+	48832619	48832681	48832619	48832663	48833400	48833481	13070	5,46,31	0,1,1	34,32,17	10,3,1	87	69	6.31616964053e-05	0.009575072872515359	1.0,0.973,0.961	0.729,0.894,0.931	0.127
13072	"OCIAD1"	"OCIAD1"	chr4	+	48832619	48832693	48832619	48832663	48833400	48833481	13072	8,72,46	0,1,1	79,62,33	10,3,1	99	69	0.000298449260804	0.0241163433348507	1.0,0.98,0.97	0.846,0.935,0.958	0.07
13073	"OCIAD1"	"OCIAD1"	chr4	+	48832619	48832761	48832619	48832663	48833400	48833481	13073	7,77,52	0,1,1	72,70,30	10,3,1	167	69	0.000126539429531	0.014349571308815399	1.0,0.97,0.956	0.748,0.906,0.925	0.116
13076	"OCIAD1"	"OCIAD1"	chr4	+	48832619	48832761	48832619	48832681	48833400	48833481	13076	2,31,23	0,0,0	46,40,13	8,0,0	149	69	0.000797540800915	0.044523206389390724	1.0,1.0,1.0	0.727,1.0,1.0	0.091
13118	"ITPR1"	"ITPR1"	chr3	+	4494430	4494506	4494430	4494501	4516475	4516583	13118	14,50,47	0,0,3	30,18,33	6,1,6	74	69	0.000168058475323	0.016898569449719587	1.0,1.0,0.936	0.823,0.944,0.837	0.111
13158	"RHOBTB1"	"RHOBTB1"	chr10	-	60872042	60872290	60872227	60872290	60871443	60871651	13158	14,35,117	0,0,1	254,50,45	23,1,2	254	69	1.6195198097e-06	0.0010663754308256903	1.0,1.0,0.969	0.75,0.931,0.859	0.143
13161	"RHOBTB1"	"RHOBTB1"	chr10	-	60872188	60872290	60872227	60872290	60871443	60871651	13161	14,35,117	0,0,1	218,50,43	23,1,2	108	69	2.06468096087e-06	0.0011722583372642099	1.0,1.0,0.987	0.858,0.97,0.932	0.076
13182	"HACD1"	"HACD1"	chr10	-	17599171	17599411	17599289	17599411	17594204	17594383	13182	0,1,3	4,0,1	41,3,2	0,0,0	187	69	2.09484782857e-05	0.005090480223425099	0.0,1.0,0.525	1.0,1.0,1.0	-0.492
13278	"MATR3"	"MATR3"	chr5	+	139293749	139294028	139293749	139293772	139314674	139314736	13278	4,25,17	0,6,1	5,14,10	0,0,1	325	69	0.000141605061258	0.015456911820311742	1.0,0.469,0.783	1.0,1.0,0.68	-0.143
13401	"CCDC82"	"CCDC82"	chr11	-	96358987	96359097	96358992	96359097	96352772	96353714	13401	2,3,5	19,62,23	0,1,0	108,32,20	74	69	0.000444779372286	0.03208069451272732	0.089,0.043,0.169	0.0,0.028,0.0	0.091
13639	"LINC00853"	"LINC00853"	chr1	+	47179249	47179664	47179249	47179647	47179867	47180339	13639	8,32,68	1,0,0	23,97,17	6,5,0	86	69	0.000754417097155	0.04289460107835059	0.865,1.0,1.0	0.755,0.94,1.0	0.057
13662	"ANKRD28"	"ANKRD28"	chr3	-	15796982	15797144	15797048	15797144	15795222	15795306	13662	18,26,19	30,13,31	21,26,5	88,79,29	135	69	0.000269255873991	0.022251218218236	0.235,0.505,0.239	0.109,0.144,0.081	0.215
13832	"CARD16"	"CARD16"	chr11	-	105044385	105044572	105044391	105044572	105043482	105043545	13832	20,3,5	84,184,291	20,0,0	913,444,255	75	69	1.09971195958e-05	0.003471305147975797	0.18,0.015,0.016	0.02,0.0,0.0	0.064
13840	"TMEM69"	"TMEM69"	chr1	+	45688180	45688275	45688180	45688253	45690973	45691110	13840	5,6,15	0,1,1	32,7,9	10,3,4	91	69	8.6265995185e-05	0.011360396733653032	1.0,0.82,0.919	0.708,0.639,0.63	0.254
13892	"PIBF1"	"PIBF1"	chr13	+	72915571	72915696	72915571	72915690	72917075	72917166	13892	8,4,3	3,0,1	1,2,0	5,8,1	75	69	1.32188085522e-06	0.0009742837317855889	0.71,1.0,0.734	0.155,0.187,0.0	0.701
13941	"CLEC16A"	"CLEC16A"	chr16	+	11044027	11044105	11044027	11044072	11047291	11047342	13941	0,1,1	9,30,57	4,5,9	32,34,53	102	69	3.68648717807e-05	0.007166531074168081	0.0,0.022,0.012	0.078,0.09,0.103	-0.079
14059	"C19orf25"	"C19orf25"	chr19	-	1479113	1479215	1479162	1479215	1478773	1478905	14059	0,1,0	2,3,6	6,2,2	3,7,5	118	69	0.000106740765946	0.013201353865431	0.0,0.163,0.0	0.539,0.143,0.19	-0.236
14109	"ALG10"	"ALG10"	chr12	+	34022495	34022898	34022495	34022744	34023961	34024159	14109	0,5,12	1,12,32	7,1,0	87,61,23	223	69	8.8016494233e-06	0.0032987788915765054	0.0,0.114,0.104	0.024,0.005,0.0	0.063
14143	"ZCCHC2"	"ZCCHC2"	chr18	+	62558667	62558776	62558667	62558770	62560586	62560644	14143	0,6,9	45,59,108	41,32,14	162,155,46	75	69	2.35716385233e-06	0.001277252366919281	0.0,0.086,0.071	0.189,0.16,0.219	-0.137
14511	"GUCY1A1"	"GUCY1A1"	chr4	+	155669805	155670011	155669805	155669892	155696755	155697122	14511	0,0,2	3,11,14	2,12,0	4,17,8	188	69	0.000252466444908	0.021294814353149158	0.0,0.0,0.05	0.155,0.206,0.0	-0.104
14544	"CUL3"	"CUL3"	chr2	-	224500326	224500487	224500362	224500487	224497752	224497849	14544	0,1,0	9,46,42	17,0,0	63,63,19	105	69	0.000217511892048	0.019357359977898784	0.0,0.014,0.0	0.151,0.0,0.0	-0.046
1462	"CARD19"	"CARD19"	chr9	+	93107673	93107827	93107673	93107816	93108990	93109092	1462	28,162,142	0,16,7	154,191,128	36,22,19	80	69	0.000374603966206	0.027732812213788042	1.0,0.897,0.946	0.787,0.882,0.853	0.107
14623	"APOBEC3G"	"APOBEC3G"	chr22	+	39086278	39086567	39086278	39086455	39087010	39087126	14623	7,6,10	0,0,1	8,9,3	8,1,0	181	69	0.000261882915788	0.02172989462221405	1.0,1.0,0.792	0.276,0.774,1.0	0.247
14771	"TMEM63B"	"TMEM63B"	chr6	+	44140251	44140380	44140251	44140360	44141027	44141098	14771	0,0,0	4,14,22	9,0,1	43,8,35	89	69	0.00074797929185	0.042766815981070586	0.0,0.0,0.0	0.14,0.0,0.022	-0.054
14861	"LOC102725121"	"LOC102725121"	chr1	+	183113	183571	183113	183216	183739	184878	14861	95,31,37	105,16,66	124,64,34	158,372,219	424	69	3.98820515501e-08	8.140724362406412e-05	0.128,0.24,0.084	0.113,0.027,0.025	0.096
14982	"ANKRD36BP2"	"ANKRD36BP2"	chr2	+	88804379	88804483	88804379	88804450	88804786	88804880	14982	0,1,0	4,13,30	6,3,5	44,48,21	102	69	0.000669760174705	0.041002212879307505	0.0,0.049,0.0	0.084,0.041,0.139	-0.072
15023	"CAMTA1"	"CAMTA1"	chr1	+	6874114	6874423	6874114	6874172	6886239	6888201	15023	1,2,11	0,0,0	10,8,12	4,2,0	320	69	3.84176419239e-05	0.007366959594754318	1.0,1.0,1.0	0.35,0.463,1.0	0.396
15083	"CYREN"	"CYREN"	chr7	-	135168771	135168862	135168785	135168862	135167731	135167807	15083	0,1,0	10,6,10	8,0,4	32,2,20	83	69	0.000247188761076	0.021023404129513798	0.0,0.122,0.0	0.172,0.0,0.143	-0.064
15123	"PLA2G12A"	"PLA2G12A"	chr4	-	109729601	109730070	109730023	109730070	109718682	109718759	15123	26,305,326	0,1,0	546,280,381	6,5,7	491	69	2.30132799351e-05	0.005308894257666512	1.0,0.977,1.0	0.927,0.887,0.884	0.093
15164	"WHAMM"	"WHAMM"	chr15	+	82813102	82813276	82813102	82813259	82816691	82816842	15164	37,26,45	0,3,2	82,61,21	34,5,2	86	69	0.000374988054625	0.027732812213788042	1.0,0.874,0.948	0.659,0.907,0.894	0.121
15259	"NDUFV2"	"NDUFV2"	chr18	+	9124873	9124996	9124873	9124983	9126830	9126907	15259	0,2,0	9,35,21	23,1,1	22,28,7	82	69	6.33272015378e-05	0.009575072872515359	0.0,0.046,0.0	0.468,0.029,0.107	-0.186
15343	"CCDC14"	"CCDC14"	chr3	-	123933668	123933755	123933672	123933755	123931307	123931526	15343	10,7,8	7,80,65	0,0,3	157,117,57	73	69	1.33942921088e-07	0.000160935557290704	0.575,0.076,0.104	0.0,0.0,0.047	0.236
15409	"SBNO1"	"SBNO1"	chr12	-	123345219	123345567	123345257	123345567	123340987	123341088	15409	0,0,0	30,44,35	20,3,0	101,77,22	107	69	1.03083447446e-05	0.0034019878342536	0.0,0.0,0.0	0.113,0.025,0.0	-0.046
15490	"PHF14"	"PHF14"	chr7	+	11061790	11061851	11061790	11061841	11061963	11062085	15490	0,1,1	18,35,42	15,11,2	53,130,12	79	69	7.40070443905e-06	0.00290506113480555	0.0,0.024,0.02	0.198,0.069,0.127	-0.117
15535	"CREBRF"	"CREBRF"	chr5	+	173080584	173080798	173080584	173080784	173086500	173086626	15535	23,16,23	131,210,96	15,26,6	517,388,99	83	69	6.87468369232e-07	0.0006148447558963481	0.127,0.06,0.166	0.024,0.053,0.048	0.076
1576	"VDAC2"	"VDAC2"	chr10	+	75210541	75210938	75210541	75210716	75211133	75211189	1576	14,41,68	0,0,0	118,52,90	10,1,0	291	69	6.53441202456e-05	0.009726708771011037	1.0,1.0,1.0	0.737,0.925,1.0	0.113
15807	"ZNF25"	"ZNF25"	chr10	-	37956789	37956887	37956837	37956887	37953694	37953758	15807	1,5,10	0,0,0	19,19,8	12,0,1	117	69	3.55945445051e-05	0.0069861138695971265	1.0,1.0,1.0	0.483,1.0,0.825	0.231
15864	"ANAPC5"	"ANAPC5"	chr12	-	121346243	121346713	121346320	121346713	121345838	121346031	15864	3,6,7	0,1,0	2,13,5	6,4,0	146	69	9.27579965352e-05	0.011908026574066054	1.0,0.739,1.0	0.136,0.606,1.0	0.332
15872	"ANAPC5"	"ANAPC5"	chr12	-	121346565	121347005	121346899	121347005	121345838	121346031	15872	6,1,3	0,0,1	41,10,3	3,2,2	403	69	0.000384591478093	0.0280367187529797	1.0,1.0,0.339	0.701,0.461,0.204	0.324
15884	"SIN3A"	"SIN3A"	chr15	-	75399922	75400156	75400039	75400156	75396257	75396496	15884	0,0,0	5,29,41	20,1,0	29,35,13	186	69	9.02969783279e-06	0.0032987788915765054	0.0,0.0,0.0	0.204,0.01,0.0	-0.071
15972	"WIPF2"	"WIPF2"	chr17	+	40219303	40219517	40219303	40219492	40256390	40256522	15972	6,7,6	2,116,67	2,0,2	151,72,101	94	69	0.000107886517333	0.013201353865431	0.688,0.042,0.062	0.01,0.0,0.014	0.256
16082	"IL16"	"IL16"	chr15	+	81303548	81303650	81303548	81303641	81305907	81306166	16082	14,47,91	0,0,0	76,34,59	10,0,2	78	69	0.000175468057732	0.01732658052241565	1.0,1.0,1.0	0.871,1.0,0.963	0.055
16344	"BRIX1"	"BRIX1"	chr5	+	34918363	34918475	34918363	34918471	34919839	34919883	16344	3,18,12	4,1,3	28,31,1	0,0,0	73	69	6.13155631889e-05	0.00941032538204381	0.415,0.944,0.791	1.0,1.0,1.0	-0.283
16358	"SHARPIN"	"SHARPIN"	chr8	-	144099080	144099402	144099276	144099402	144098865	144098994	16358	39,89,186	0,2,3	162,113,169	24,2,16	265	69	4.15497623587e-05	0.00750209244898879	1.0,0.921,0.942	0.637,0.936,0.733	0.186
16686	"ZNF81"	"ZNF81"	chrX	+	47836901	47837007	47836901	47836987	47846104	47846321	16686	10,8,7	0,1,2	9,6,3	4,8,1	89	69	0.000587793095017	0.03717659573659493	1.0,0.861,0.731	0.636,0.368,0.699	0.296
1687	"TRIM5"	"TRIM5"	chr11	-	5684867	5685074	5685015	5685074	5679760	5680238	1687	0,8,8	4,4,5	25,30,20	4,3,0	217	69	5.57560885843e-05	0.008822428528548306	0.0,0.389,0.337	0.665,0.761,1.0	-0.567
16913	"TTC33"	"TTC33"	chr5	-	40755693	40755961	40755827	40755961	40746797	40747019	16913	6,13,11	0,0,0	6,7,12	0,3,4	203	69	7.30335681542e-06	0.00290506113480555	1.0,1.0,1.0	1.0,0.442,0.505	0.351
17027	"SMOX"	"SMOX"	chr20	+	4178728	4179098	4178728	4178826	4181802	4181976	17027	31,20,27	0,0,1	38,33,23	9,4,4	341	69	1.41404257081e-07	0.000160935557290704	1.0,1.0,0.845	0.461,0.625,0.538	0.407
17074	"DENND2D"	"DENND2D"	chr1	-	111204295	111204538	111204521	111204538	111199622	111199798	17074	3,5,11	0,1,0	15,7,11	3,2,1	295	69	0.000204342694893	0.019045858850027016	1.0,0.539,1.0	0.539,0.45,0.72	0.277
17090	"UBXN2B"	"UBXN2B"	chr8	+	58433159	58433247	58433159	58433243	58434394	58434504	17090	0,0,1	6,30,25	2,6,2	55,15,17	73	69	0.000510263984689	0.03488893414685567	0.0,0.0,0.036	0.033,0.274,0.1	-0.124
17133	"SCYL2"	"SCYL2"	chr12	+	100296761	100296897	100296761	100296871	100298030	100298175	17133	31,15,34	1,0,0	74,61,10	12,4,0	95	69	5.08787091542e-05	0.008177450482327011	0.957,1.0,1.0	0.817,0.917,1.0	0.074
17145	"ZBED5-AS1"	"ZBED5-AS1"	chr11	+	10858216	10858351	10858216	10858279	10865260	10865327	17145	7,12,23	0,0,1	71,44,9	5,4,1	141	69	0.000780123701024	0.04398863255608256	1.0,1.0,0.918	0.874,0.843,0.815	0.129
17182	"ATXN2"	"ATXN2"	chr12	-	111519831	111520076	111519878	111520076	111518248	111518427	17182	0,4,7	14,36,20	18,23,8	36,25,21	116	69	0.000196913776742	0.018522599128376515	0.0,0.062,0.172	0.229,0.354,0.185	-0.178
17278	"TM6SF1"	"TM6SF1"	chr15	+	83108218	83108383	83108218	83108371	83112796	83112900	17278	10,16,27	0,0,2	28,30,11	11,7,0	81	69	5.89091356102e-05	0.009249640585195402	1.0,1.0,0.92	0.684,0.785,1.0	0.15
17382	"CDC14B"	"CDC14B"	chr9	-	96536945	96537286	96537165	96537286	96534454	96534542	17382	5,8,11	3,0,2	26,14,8	0,0,0	289	69	0.000377106370113	0.027788791432298038	0.285,1.0,0.568	1.0,1.0,1.0	-0.382
17383	"CDC14B"	"CDC14B"	chr9	-	96537027	96537286	96537165	96537286	96534454	96534542	17383	0,5,8	3,0,2	7,10,5	0,0,0	207	69	8.5947442991e-05	0.011360396733653032	0.0,1.0,0.571	1.0,1.0,1.0	-0.476
17424	"MAGOHB"	"MAGOHB"	chr12	-	10610610	10610675	10610621	10610675	10609830	10609941	17424	3,6,9	144,185,227	43,34,5	307,263,107	80	69	7.94394987569e-08	0.0001320643940648663	0.018,0.027,0.033	0.108,0.1,0.039	-0.056
17465	"JOSD1"	"JOSD1"	chr22	-	38700799	38700943	38700919	38700943	38699802	38700618	17465	6,26,9	0,0,0	26,4,30	0,3,6	189	69	2.94086083277e-05	0.006192311965579224	1.0,1.0,1.0	1.0,0.327,0.646	0.342
17470	"JOSD1"	"JOSD1"	chr22	-	38700903	38700943	38700919	38700943	38699802	38700618	17470	4,27,31	0,0,0	6,9,20	0,3,6	85	69	6.14052283099e-06	0.002611257333878498	1.0,1.0,1.0	1.0,0.709,0.73	0.187
17572	"MTFR1L"	"MTFR1L"	chr1	+	25820192	25820659	25820192	25820349	25823018	25823128	17572	3,2,5	0,0,1	0,1,2	1,2,1	379	69	1.15267432843e-06	0.000904938015073583	1.0,1.0,0.477	0.0,0.083,0.267	0.709
17637	"MDM4"	"MDM4"	chr1	+	204544534	204544684	204544534	204544669	204546796	204546877	17637	4,23,19	0,5,3	27,12,22	0,0,0	84	69	0.000110065359315	0.013215612437281058	1.0,0.791,0.839	1.0,1.0,1.0	-0.123
17642	"SLC35A2"	"SLC35A2"	chrX	-	48911332	48911646	48911545	48911646	48909813	48909996	17642	0,4,8	1,2,7	3,0,0	14,4,7	282	69	0.000312158754104	0.024889783159261124	0.0,0.329,0.219	0.05,0.0,0.0	0.166
17701	"AIG1"	"AIG1"	chr6	+	143186525	143186815	143186525	143186578	143187628	143190602	17701	4,2,4	0,0,0	4,0,4	0,3,1	306	69	0.000123659378959	0.014341677518813113	1.0,1.0,1.0	1.0,0.0,0.474	0.509
17781	"MAP2K1"	"MAP2K1"	chr15	+	66435026	66435237	66435026	66435123	66436745	66436892	17781	28,68,70	0,0,0	167,48,45	14,0,0	183	69	3.8617709026e-05	0.007366959594754318	1.0,1.0,1.0	0.818,1.0,1.0	0.061
17810	"ZNF652"	"ZNF652"	chr17	-	49312697	49312845	49312701	49312845	49311926	49312042	17810	40,79,119	12,0,4	199,211,42	3,2,0	73	69	0.000169365005054	0.01694646315275612	0.759,1.0,0.966	0.984,0.99,1.0	-0.083
17867	"ZFAND6"	"ZFAND6"	chr15	+	80075163	80075315	80075163	80075242	80120327	80120498	17867	4,0,2	1,2,5	48,2,0	0,0,1	142	69	7.90392227391e-05	0.01075565743033673	0.66,0.0,0.163	1.0,1.0,0.0	-0.392
17868	"ZFAND6"	"ZFAND6"	chr15	+	80075163	80075321	80075163	80075242	80120327	80120498	17868	2,0,1	1,2,5	55,1,0	0,0,1	148	69	1.14986116287e-05	0.0035562069782579457	0.483,0.0,0.085	1.0,1.0,0.0	-0.477
17907	"RBM39"	"RBM39"	chr20	-	35716735	35716805	35716739	35716805	35714184	35714389	17907	21,53,34	234,413,457	29,63,24	1055,792,317	73	69	0.000481196859887	0.0336376380274433	0.078,0.108,0.066	0.025,0.07,0.067	0.03
18217	"ST3GAL6-AS1"	"ST3GAL6-AS1"	chr3	-	98732425	98732651	98732611	98732651	98718418	98718521	18217	2,56,13	0,0,0	8,12,29	4,0,3	255	69	3.51552535528e-05	0.0069861138695971265	1.0,1.0,1.0	0.351,1.0,0.723	0.309
1825	"CNTROB"	"CNTROB"	chr17	+	7934137	7934226	7934137	7934222	7934464	7934546	1825	0,2,1	2,19,28	8,3,11	32,9,37	73	69	0.00013215772634	0.01466088864158739	0.0,0.09,0.033	0.191,0.24,0.219	-0.176
18328	"FAM199X"	"FAM199X"	chrX	+	104188039	104188306	104188039	104188177	104189607	104195901	18328	8,29,27	0,0,0	45,33,29	8,2,0	198	69	2.05598280651e-05	0.005090480223425099	1.0,1.0,1.0	0.662,0.852,1.0	0.162
18488	"ARMCX6"	"ARMCX6"	chrX	-	101616638	101616754	101616666	101616754	101615124	101615760	18488	0,0,1	14,2,1	17,1,1	3,6,3	97	69	0.000211030022715	0.01911017265680612	0.0,0.0,0.416	0.801,0.106,0.192	-0.228
18604	"RNPS1"	"RNPS1"	chr16	-	2267174	2267218	2267208	2267218	2264572	2264760	18604	0,6,3	8,2,6	8,9,9	0,2,3	103	69	0.000611484530129	0.03828718475151272	0.0,0.668,0.251	1.0,0.751,0.668	-0.5
18675	"MFSD1"	"MFSD1"	chr3	+	158824854	158825301	158824854	158825259	158826014	158826062	18675	6,11,21	0,2,0	67,27,11	14,5,2	111	69	0.000216199658384	0.019355558890062314	1.0,0.774,1.0	0.748,0.77,0.774	0.161
18683	"DRAM2"	"DRAM2"	chr1	-	111120515	111120693	111120644	111120693	111119876	111119959	18683	9,10,8	0,0,0	62,22,13	7,1,0	198	69	8.93553321549e-05	0.01161733146462305	1.0,1.0,1.0	0.755,0.885,1.0	0.12
18685	"DRAM2"	"DRAM2"	chr1	-	111120531	111120693	111120644	111120693	111119876	111119959	18685	15,7,16	0,0,0	55,4,5	7,1,0	182	69	0.000186812272634	0.0181581529000248	1.0,1.0,1.0	0.749,0.603,1.0	0.216
18825	"SLC30A5"	"SLC30A5"	chr5	+	69116393	69116602	69116393	69116435	69117238	69117396	18825	78,109,140	0,0,2	368,311,99	5,12,2	236	69	0.000441061394526	0.03192533753569047	1.0,1.0,0.953	0.956,0.883,0.935	0.06
18858	"ZFC3H1"	"ZFC3H1"	chr12	-	71644876	71645075	71644979	71645075	71644094	71644318	18858	13,22,43	0,0,0	127,73,7	6,2,1	172	69	0.000732473543692	0.04235481578991814	1.0,1.0,1.0	0.895,0.936,0.737	0.144
18922	"YPEL5"	"YPEL5"	chr2	+	30148244	30148305	30148244	30148254	30155849	30155910	18922	13,198,99	0,0,0	43,229,42	16,0,0	120	69	0.000583665272022	0.03717659573659493	1.0,1.0,1.0	0.607,1.0,1.0	0.131
18923	"YPEL5"	"YPEL5"	chr2	+	30148244	30148463	30148244	30148254	30155849	30155910	18923	74,260,128	0,0,0	329,307,50	16,0,0	278	69	4.14351844765e-05	0.00750209244898879	1.0,1.0,1.0	0.836,1.0,1.0	0.055
18969	"F11R"	"F11R"	chr1	-	161013498	161013950	161013895	161013950	161001284	161001353	18969	0,3,3	1,40,33	19,0,3	25,19,16	466	69	0.000487582039171	0.03385212443387228	0.0,0.011,0.013	0.101,0.0,0.027	-0.035
19093	"TMEM59"	"TMEM59"	chr1	-	54052999	54053204	54053161	54053204	54045691	54045786	19093	0,0,5	3,2,0	12,4,1	0,0,0	231	69	5.27547106e-08	9.789355934247272e-05	0.0,0.0,1.0	1.0,1.0,1.0	-0.667
19209	"INPP5K"	"INPP5K"	chr17	-	1509167	1509353	1509177	1509353	1508114	1508226	19209	2,3,14	31,59,81	2,2,2	176,61,47	79	69	8.73413335851e-05	0.011428277571404239	0.053,0.043,0.131	0.01,0.028,0.036	0.051
19242	"PSME3IP1"	"PSME3IP1"	chr16	-	57173673	57173869	57173727	57173869	57172775	57172874	19242	22,2,0	57,150,160	0,9,2	246,295,102	123	69	0.000532330599013	0.03561661596138882	0.178,0.007,0.0	0.0,0.017,0.011	0.052
19267	"PPP4R3B"	"PPP4R3B"	chr2	-	55598415	55599039	55598703	55599039	55588878	55588956	19267	44,80,67	0,2,2	217,74,58	26,5,4	357	69	7.73950404639e-05	0.010694897173260413	1.0,0.885,0.866	0.617,0.741,0.737	0.219
19329	"USP16"	"USP16"	chr21	+	29039025	29039156	29039025	29039145	29039480	29039568	19329	6,9,6	0,0,0	12,8,1	7,0,1	80	69	0.000509621688813	0.03488893414685567	1.0,1.0,1.0	0.597,1.0,0.463	0.313
19331	"CLEC2D"	"CLEC2D"	chr12	+	9692827	9693120	9692827	9692931	9694759	9699552	19331	0,5,27	7,6,18	0,2,1	14,21,5	258	69	2.06747502163e-06	0.0011722583372642099	0.0,0.182,0.286	0.0,0.025,0.051	0.131
1945	"KMT5B"	"KMT5B"	chr11	-	68179469	68180200	68180131	68180200	68175017	68175183	1945	26,12,27	12,61,56	6,38,5	86,154,30	731	69	2.07992617879e-05	0.005090480223425099	0.17,0.018,0.044	0.007,0.023,0.015	0.062
19457	"MED15"	"MED15"	chr22	+	20537116	20537215	20537116	20537204	20551435	20551487	19457	0,0,1	4,18,20	14,2,1	33,28,10	80	69	2.78205181069e-05	0.006056498222647391	0.0,0.0,0.041	0.268,0.058,0.079	-0.121
19498	"CLN6"	"CLN6"	chr15	-	68211648	68211741	68211674	68211741	68211262	68211318	19498	6,2,1	5,2,16	0,0,0	20,6,3	95	69	1.48554537549e-05	0.004097696243851605	0.466,0.421,0.043	0.0,0.0,0.0	0.31
19566	"ANKIB1"	"ANKIB1"	chr7	+	92297166	92297261	92297166	92297237	92307358	92307656	19566	0,0,0	4,3,7	6,4,1	23,36,5	93	69	0.000234194020528	0.020164420580779056	0.0,0.0,0.0	0.162,0.076,0.129	-0.122
19595	"CEP44"	"CEP44"	chr4	+	174283903	174284061	174283903	174283932	174299071	174299210	19595	5,46,19	0,2,0	23,46,24	9,2,5	198	69	5.16979026133e-05	0.008244199907364684	1.0,0.889,1.0	0.471,0.889,0.626	0.301
19596	"CEP44"	"CEP44"	chr4	+	174283903	174284140	174283903	174283932	174299071	174299210	19596	3,39,19	0,2,0	21,42,27	9,2,5	277	69	9.9045551453e-05	0.012635736226616475	1.0,0.829,1.0	0.368,0.84,0.574	0.349
19614	"PUM2"	"PUM2"	chr2	-	20331716	20331937	20331729	20331937	20327309	20327378	19614	14,7,6	0,0,1	22,16,13	10,13,0	82	69	1.83247631484e-05	0.004795449556219754	1.0,1.0,0.835	0.649,0.509,1.0	0.226
19722	"TBC1D5"	"TBC1D5"	chr3	-	17518893	17518995	17518901	17518995	17508473	17508605	19722	0,0,0	5,26,25	18,2,0	32,41,7	77	69	1.04564832401e-05	0.0034019878342536	0.0,0.0,0.0	0.335,0.042,0.0	-0.126
19733	"MPP6"	"MPP6"	chr7	+	24650484	24650607	24650484	24650560	24663589	24663721	19733	44,21,10	0,0,0	200,34,12	12,0,0	116	69	0.000536338968074	0.03566042676327846	1.0,1.0,1.0	0.908,1.0,1.0	0.031
19773	"CMTM5"	"CMTM5"	chr14	+	23377045	23377377	23377045	23377060	23379298	23379383	19773	48,212,375	0,0,1	503,318,289	14,2,4	386	69	1.33953647593e-05	0.00391908752879904	1.0,1.0,0.985	0.865,0.966,0.928	0.075
19883	"ELOVL7"	"ELOVL7"	chr5	-	60768554	60768690	60768645	60768690	60767822	60767903	19883	0,0,0	8,6,9	11,0,0	17,20,5	160	69	0.000532365303251	0.03561661596138882	0.0,0.0,0.0	0.218,0.0,0.0	-0.073
19953	"SLC15A2"	"SLC15A2"	chr3	+	121928420	121928560	121928420	121928555	121928981	121929146	19953	0,0,0	4,29,17	8,8,1	65,26,19	74	69	8.56658820381e-06	0.0032987788915765054	0.0,0.0,0.0	0.103,0.223,0.047	-0.124
19977	"MAX"	"MAX"	chr14	-	65077562	65077961	65077912	65077961	65077343	65077428	19977	42,1031,1007	1509,1394,1389	2191,1190,994	3361,2375,1492	419	69	8.41092064885e-08	0.0001320643940648663	0.005,0.109,0.107	0.097,0.076,0.099	-0.017
20033	"C18orf32"	"C18orf32"	chr18	-	49486432	49486783	49486751	49486783	49483583	49483771	20033	10,7,9	0,1,0	30,23,9	3,3,1	388	69	0.00017571047267	0.01732658052241565	1.0,0.555,1.0	0.64,0.577,0.615	0.241
20104	"BLOC1S6"	"BLOC1S6"	chr15	+	45601233	45601388	45601233	45601356	45603099	45603187	20104	3,1,2	0,1,0	7,16,2	4,7,0	101	69	0.000470954446325	0.033378896383284375	1.0,0.406,1.0	0.545,0.61,1.0	0.084
20222	"BUB1"	"BUB1"	chr2	-	110667792	110667849	110667796	110667849	110667520	110667705	20222	0,0,1	10,24,37	20,2,0	64,49,24	73	69	4.24989132046e-05	0.0075433723159330016	0.0,0.0,0.025	0.228,0.037,0.0	-0.08
20315	"OTUD4"	"OTUD4"	chr4	-	145146262	145146352	145146266	145146352	145144310	145144434	20315	0,0,1	14,20,12	13,0,0	41,14,3	73	69	0.000161761550284	0.016427247584064716	0.0,0.0,0.073	0.231,0.0,0.0	-0.053
20329	"BRAF"	"BRAF"	chr7	-	140808886	140808995	140808891	140808995	140807959	140808062	20329	2,1,6	70,177,176	40,10,3	283,232,131	74	69	1.64338655492e-05	0.0043751210048518915	0.026,0.005,0.031	0.116,0.039,0.021	-0.038
20384	"SERPINB1"	"SERPINB1"	chr6	-	2840418	2840594	2840444	2840594	2839334	2839466	20384	6,12,13	0,0,1	24,21,7	9,0,1	95	69	0.000390239526507	0.02834722140591062	1.0,1.0,0.904	0.659,1.0,0.836	0.136
20406	"CRKL"	"CRKL"	chr22	+	20949710	20951265	20949710	20949927	20953205	20953747	20406	8,32,47	0,0,0	89,29,22	4,2,0	1407	69	4.8693708982e-05	0.007960682631792643	1.0,1.0,1.0	0.522,0.416,1.0	0.354
20434	"BAZ2B"	"BAZ2B"	chr2	-	159478574	159478721	159478625	159478721	159453612	159453801	20434	10,3,10	0,0,0	27,19,4	8,0,0	120	69	0.000521343231718	0.035354345667202046	1.0,1.0,1.0	0.66,1.0,1.0	0.113
20543	"LYRM1"	"LYRM1"	chr16	+	20920121	20920381	20920121	20920210	20923999	20925006	20543	5,11,1	0,4,3	30,4,1	0,1,0	240	69	6.0292287669e-05	0.009394550961065862	1.0,0.442,0.087	1.0,0.535,1.0	-0.335
20771	"ARPC2"	"ARPC2"	chr2	+	218228737	218228850	218228737	218228796	218239390	218239484	20771	100,325,357	0,4,0	654,491,191	25,4,0	123	69	0.000446690170926	0.03210506960894898	1.0,0.979,1.0	0.936,0.986,1.0	0.019
20777	"ZNF638"	"ZNF638"	chr2	+	71363953	71364252	71363953	71364186	71365428	71365706	20777	21,52,54	0,0,1	77,81,30	5,3,2	135	69	0.00083323269012	0.046217243670460435	1.0,1.0,0.965	0.887,0.932,0.885	0.087
21092	"UBB"	"UBB"	chr17	+	16381096	16381465	16381096	16381115	16381901	16382745	21092	14,186,169	0,0,0	152,154,105	9,0,0	419	69	0.000511061694587	0.03488893414685567	1.0,1.0,1.0	0.736,1.0,1.0	0.088
21138	"LRRC41"	"LRRC41"	chr1	-	46303123	46303366	46303163	46303366	46298283	46298370	21138	7,50,24	0,0,0	21,18,10	7,1,0	109	69	0.000153473843103	0.01631618794488769	1.0,1.0,1.0	0.655,0.919,1.0	0.142
21226	"CKLF"	"CKLF"	chr16	+	66552562	66552793	66552562	66552789	66558189	66558348	21226	4,14,15	0,1,0	53,7,21	4,7,0	73	69	0.000937632073796	0.049841004922718625	1.0,0.93,1.0	0.926,0.486,1.0	0.173
21283	"LCMT1"	"LCMT1"	chr16	+	25142846	25143346	25142846	25143344	25151553	25151615	21283	10,24,27	0,0,0	47,45,12	0,53,0	71	69	0.000737165095404	0.042505689060413694	1.0,1.0,1.0	1.0,0.452,1.0	0.183
21503	"EDEM3"	"EDEM3"	chr1	-	184737020	184737064	184737024	184737064	184734530	184734643	21503	0,0,0	18,31,48	5,4,3	90,67,15	73	69	0.000767701123634	0.043408075721931325	0.0,0.0,0.0	0.05,0.053,0.159	-0.087
21578	"DAAM1"	"DAAM1"	chr14	+	59266463	59266614	59266463	59266598	59291216	59291306	21578	0,2,0	26,5,15	10,6,0	26,49,5	85	69	0.000684714543077	0.04122414850689284	0.0,0.245,0.0	0.238,0.09,0.0	-0.028
21744	"VPS50"	"VPS50"	chr7	+	93294544	93294636	93294544	93294632	93296741	93296836	21744	10,15,9	2,7,5	67,19,9	0,2,2	73	69	2.08461508321e-05	0.005090480223425099	0.825,0.669,0.63	1.0,0.9,0.81	-0.195
21790	"TP53TG1"	"TP53TG1"	chr7	-	87345042	87345492	87345233	87345492	87341522	87341684	21790	13,22,27	0,0,0	61,23,26	8,0,0	260	69	0.000363402782326	0.027371873036303736	1.0,1.0,1.0	0.669,1.0,1.0	0.11
21807	"SEC14L5"	"SEC14L5"	chr16	+	4958329	4958474	4958329	4958445	4959272	4959386	21807	0,0,0	9,70,198	0,12,33	249,57,116	98	69	1.61225222062e-09	4.70132747532792e-06	0.0,0.0,0.0	0.0,0.129,0.167	-0.099
21810	"SEC14L5"	"SEC14L5"	chr16	+	4958329	4958555	4958329	4958474	4959272	4959386	21810	5,36,67	0,0,0	78,10,28	0,12,33	150	69	3.2238752512e-07	0.00031389297233864403	1.0,1.0,1.0	1.0,0.277,0.281	0.481
21876	"FAXDC2"	"FAXDC2"	chr5	-	154834593	154834718	154834624	154834718	154823386	154823592	21876	8,2,4	75,210,206	66,12,7	345,289,102	100	69	3.22935156727e-07	0.00031389297233864403	0.069,0.007,0.013	0.117,0.028,0.045	-0.034
2197	"TDRKH"	"TDRKH"	chr1	-	151790379	151790534	151790404	151790534	151782898	151783049	2197	0,15,5	2,10,1	1,6,11	0,0,0	94	69	1.38419695384e-06	0.0009742837317855889	0.0,0.524,0.786	1.0,1.0,1.0	-0.563
21975	"GET1-SH3BGR"	"GET1-SH3BGR"	chr21	+	39380325	39380646	39380325	39380606	39390697	39390863	21975	12,61,43	0,9,2	386,105,214	0,1,5	109	69	4.8302205681e-05	0.007960682631792643	1.0,0.811,0.932	1.0,0.985,0.964	-0.069
22035	"TBC1D20"	"TBC1D20"	chr20	-	444997	445130	445049	445130	441856	442043	22035	7,4,12	31,135,202	74,15,10	240,129,134	121	69	2.78909873079e-05	0.006056498222647391	0.114,0.017,0.033	0.15,0.062,0.041	-0.03
22089	"MEIS1"	"MEIS1"	chr2	+	66567452	66567607	66567452	66567592	66568666	66568756	22089	0,0,2	15,34,31	19,9,5	97,84,26	84	69	7.37269834561e-06	0.00290506113480555	0.0,0.0,0.05	0.139,0.081,0.136	-0.102
22096	"LAGE3"	"LAGE3"	chrX	-	154478282	154478411	154478305	154478411	154477768	154478058	22096	2,6,18	0,0,0	17,12,15	9,0,2	92	69	2.026502444e-05	0.005090480223425099	1.0,1.0,1.0	0.586,1.0,0.849	0.188
22135	"NT5C2"	"NT5C2"	chr10	-	103181184	103181328	103181232	103181328	103174857	103174982	22135	26,20,21	0,0,0	44,44,7	4,4,0	117	69	0.000562209160456	0.03631586513679706	1.0,1.0,1.0	0.866,0.866,1.0	0.089
2225	"RPS6KB1"	"RPS6KB1"	chr17	+	59934433	59934528	59934433	59934502	59935192	59935300	2225	12,11,8	0,1,0	8,16,3	2,6,0	95	69	0.000159798404743	0.016427247584064716	1.0,0.889,1.0	0.744,0.659,1.0	0.162
2262	"ANKRD28"	"ANKRD28"	chr3	-	15796395	15797979	15797048	15797979	15795222	15795306	2262	3441,8113,11156	30,13,31	12703,16342,3673	88,79,29	722	69	0.00011385465632	0.013511635144208372	0.916,0.984,0.972	0.932,0.952,0.924	0.021
2263	"ANKRD28"	"ANKRD28"	chr3	-	15796404	15797979	15797048	15797979	15795222	15795306	2263	4285,9202,12764	30,13,31	15423,19012,4204	88,79,29	713	69	0.000172489155549	0.017174871429591163	0.933,0.986,0.976	0.944,0.959,0.933	0.02
22641	"ITGB1"	"ITGB1"	chr10	-	32932505	32932600	32932510	32932600	32929821	32930044	22641	0,1,1	6,7,3	4,4,1	2,8,2	74	69	0.000211586273782	0.01911017265680612	0.0,0.118,0.237	0.651,0.318,0.318	-0.311
22693	"SUMO3"	"SUMO3"	chr21	-	44813861	44814104	44813979	44814104	44809046	44809118	22693	0,3,0	6,11,11	33,0,4	11,9,2	187	69	0.000114925363537	0.013559864280446497	0.0,0.091,0.0	0.525,0.0,0.425	-0.286
2271	"RPS16"	"RPS16"	chr19	-	39435606	39435708	39435657	39435708	39433664	39433761	2271	227,476,477	5,3,5	345,577,190	24,9,1	120	69	0.000926848318792	0.04957643801143659	0.963,0.989,0.982	0.892,0.974,0.991	0.026
22864	"FXYD7"	"FXYD7"	chr19	+	35151439	35151482	35151439	35151473	35151632	35151673	22864	4,8,3	0,0,1	14,4,4	6,1,1	78	69	0.000208374556329	0.01911017265680612	1.0,1.0,0.726	0.674,0.78,0.78	0.164
22976	"RAB3GAP2"	"RAB3GAP2"	chr1	-	220195077	220195167	220195082	220195167	220193239	220193379	22976	7,45,36	6,1,2	54,40,42	0,0,0	74	69	0.000674239326767	0.04101653407778325	0.521,0.977,0.944	1.0,1.0,1.0	-0.186
2301	"COPS7A"	"COPS7A"	chr12	+	6724045	6724179	6724045	6724152	6724613	6724818	2301	2,10,6	4,2,1	14,12,4	2,0,0	96	69	0.000566475186576	0.03647599844917764	0.264,0.782,0.812	0.834,1.0,1.0	-0.325
23150	"C1GALT1"	"C1GALT1"	chr7	+	7215041	7215239	7215041	7215234	7234302	7234539	23150	30,14,3	1,2,11	117,20,16	0,2,0	74	69	0.000190511159593	0.018171559764543533	0.965,0.867,0.203	1.0,0.903,1.0	-0.289
23151	"C1GALT1"	"C1GALT1"	chr7	+	7215041	7215422	7215041	7215234	7234302	7234539	23151	0,0,1	1,2,11	17,0,2	0,2,0	257	69	8.04461300078e-05	0.010874611958405387	0.0,0.0,0.024	1.0,0.0,1.0	-0.659
2327	"C16orf87"	"C16orf87"	chr16	-	46824379	46824482	46824385	46824482	46809602	46809785	2327	0,2,0	5,33,30	12,5,1	64,87,20	75	69	0.000742042376272	0.04266639150553257	0.0,0.053,0.0	0.147,0.05,0.044	-0.063
23545	"WDR7"	"WDR7"	chr18	+	56696241	56696462	56696241	56696320	56717963	56718159	23545	2,24,14	0,0,0	73,13,12	9,0,0	211	69	7.08733649274e-05	0.01004629947845895	1.0,1.0,1.0	0.726,1.0,1.0	0.091
23654	"RSRC1"	"RSRC1"	chr3	+	158460934	158461009	158460934	158461003	158537091	158537198	23654	0,0,0	5,14,13	6,5,1	31,44,14	75	69	7.75448158751e-05	0.010694897173260413	0.0,0.0,0.0	0.151,0.095,0.062	-0.103
23678	"SCOC"	"SCOC"	chr4	+	140379120	140379196	140379120	140379192	140379568	140379652	23678	0,0,0	39,59,78	12,0,2	89,44,71	73	69	0.000158044524052	0.016427247584064716	0.0,0.0,0.0	0.113,0.0,0.026	-0.046
23699	"ATP6V1C1"	"ATP6V1C1"	chr8	+	103021082	103021225	103021082	103021182	103040797	103040968	23699	64,184,87	0,6,0	256,132,58	22,1,4	112	69	0.000794537500944	0.044523206389390724	1.0,0.95,1.0	0.878,0.988,0.899	0.062
23743	"PKHD1L1"	"PKHD1L1"	chr8	+	109459594	109459857	109459594	109459836	109461771	109461908	23743	0,0,0	59,216,351	0,35,0	613,78,509	90	69	0.000140078233027	0.015372456411543679	0.0,0.0,0.0	0.0,0.256,0.0	-0.085
23864	"MGLL"	"MGLL"	chr3	-	127754453	127754783	127754657	127754783	127722429	127722566	23864	3,4,2	0,0,1	1,2,4	4,2,1	273	69	2.52340034151e-05	0.005660181073725508	1.0,1.0,0.336	0.059,0.202,0.503	0.524
23867	"MGLL"	"MGLL"	chr3	-	127754625	127754783	127754657	127754783	127722429	127722566	23867	4,2,4	0,0,1	0,0,6	4,2,1	101	69	6.92799793534e-07	0.0006148447558963481	1.0,1.0,0.732	0.0,0.0,0.804	0.643
23907	"AKAP11"	"AKAP11"	chr13	+	42299362	42303863	42299362	42299799	42308453	42308609	23907	3,31,22	0,1,0	13,8,26	1,3,0	4133	69	0.000542923562273	0.0356966437511726	1.0,0.341,1.0	0.178,0.043,1.0	0.373
23923	"RAB1A"	"RAB1A"	chr2	-	65129659	65130106	65129863	65130106	65104733	65104806	23923	3,0,2	0,1,0	0,0,0	2,3,1	273	69	0.000235016942059	0.020164420580779056	1.0,0.0,1.0	0.0,0.0,0.0	0.667
24079	"PARK7"	"PARK7"	chr1	+	7961653	7962081	7961653	7961708	7962762	7962875	24079	4,23,23	0,1,0	34,43,13	4,0,2	442	69	0.000367681049879	0.02759229996371378	1.0,0.782,1.0	0.57,1.0,0.504	0.236
24090	"PARK7"	"PARK7"	chr1	+	7961653	7962101	7961653	7962081	7962762	7962875	24090	0,0,2	4,23,23	14,1,2	34,43,12	89	69	0.000334253638157	0.026041165122369026	0.0,0.0,0.063	0.242,0.018,0.114	-0.104
24221	"RPL23AP7"	"RPL23AP7"	chr2	-	113626477	113626883	113626880	113626883	113625608	113625729	24221	20,830,1457	24,1968,4290	3568,1549,17	21867,4359,19	472	69	0.000189969082108	0.018171559764543533	0.109,0.058,0.047	0.023,0.049,0.116	0.009
245	"CDKN1A"	"CDKN1A"	chr6	+	36678713	36678905	36678713	36678798	36684096	36684546	245	27,538,255	234,1625,1559	110,283,247	1421,1928,1038	176	69	0.000124830019268	0.014349571308815399	0.043,0.115,0.06	0.029,0.054,0.085	0.017
24511	"ANKMY2"	"ANKMY2"	chr7	-	16644344	16644812	16644684	16644812	16636390	16636455	24511	10,1,7	1,6,1	0,3,1	6,10,5	409	69	0.000531234166797	0.03561661596138882	0.628,0.027,0.541	0.0,0.048,0.033	0.372
24595	"NIT1"	"NIT1"	chr1	+	161118104	161118237	161118104	161118209	161118785	161118881	24595	0,0,0	6,5,4	12,0,2	2,6,3	97	69	4.58327071936e-05	0.007877295615294847	0.0,0.0,0.0	0.81,0.0,0.322	-0.377
246	"CDKN1A"	"CDKN1A"	chr6	+	36678713	36678939	36678713	36678798	36684096	36684546	246	142,890,537	234,1625,1559	345,558,437	1421,1928,1038	210	69	1.19037246674e-05	0.003626549670312967	0.166,0.153,0.102	0.074,0.087,0.122	0.046
24661	"VPS13B"	"VPS13B"	chr8	+	99507067	99507203	99507067	99507200	99511103	99511512	24661	56,91,68	10,5,6	242,224,30	2,4,1	72	69	1.71383579484e-06	0.001093213007633565	0.843,0.946,0.916	0.991,0.982,0.966	-0.078
24669	"RWDD4"	"RWDD4"	chr4	-	183650979	183651131	183650983	183651131	183649450	183649568	24669	0,0,0	2,5,12	0,9,0	12,27,1	73	69	0.0001470800702	0.01580104417327579	0.0,0.0,0.0	0.0,0.24,0.0	-0.08
24681	"ZFAND2B"	"ZFAND2B"	chr2	+	219207343	219207779	219207343	219207774	219207886	219208038	24681	21,84,79	0,9,4	206,112,46	35,16,13	74	69	0.000925649667185	0.04957643801143659	1.0,0.897,0.948	0.846,0.867,0.767	0.122
247	"CDKN1A"	"CDKN1A"	chr6	+	36678713	36678939	36678713	36678905	36684096	36684546	247	115,357,284	0,5,2	244,288,194	9,13,4	103	69	0.000142903991209	0.015515724832755894	1.0,0.98,0.99	0.948,0.937,0.97	0.038
24778	"CKS1B"	"CKS1B"	chr1	+	154974680	154974966	154974680	154974804	154977986	154978114	24778	0,1,0	8,6,7	13,1,4	39,12,6	231	69	0.000306931836082	0.024568990737669744	0.0,0.047,0.0	0.091,0.024,0.166	-0.078
25006	"FAM76B"	"FAM76B"	chr11	-	95789391	95789782	95789682	95789782	95788498	95788563	25006	0,1,6	2,0,2	4,4,2	0,0,0	360	69	4.099498076e-06	0.0019923560649359995	0.0,1.0,0.365	1.0,1.0,1.0	-0.545
25083	"SEMA4D"	"SEMA4D"	chr9	-	89385698	89386097	89386086	89386097	89381173	89381346	25083	41,105,88	0,0,1	187,102,107	8,5,1	457	69	2.17476550094e-05	0.005222507459433798	1.0,1.0,0.93	0.779,0.755,0.942	0.151
25085	"SEMA4D"	"SEMA4D"	chr9	-	89385720	89386097	89386086	89386097	89381173	89381346	25085	41,112,88	0,0,1	188,105,108	8,5,1	435	69	2.21746082797e-05	0.005263117490758563	1.0,1.0,0.933	0.788,0.769,0.945	0.144
25086	"SEMA4D"	"SEMA4D"	chr9	-	89385963	89386097	89386086	89386097	89381173	89381346	25086	42,124,96	0,0,1	209,114,126	8,5,1	192	69	0.000195525921679	0.0184771995986655	1.0,1.0,0.972	0.904,0.891,0.978	0.066
25154	"ITGB2"	"ITGB2"	chr21	-	44910599	44910785	44910724	44910785	44910283	44910372	25154	8,11,5	16,8,55	0,1,0	9,26,7	194	69	5.81675512024e-06	0.002526204372645508	0.151,0.328,0.031	0.0,0.013,0.0	0.166
25228	"HELQ"	"HELQ"	chr4	-	83453230	83453945	83453792	83453945	83448782	83448961	25228	1,5,7	0,0,1	13,13,3	7,1,0	631	69	0.00011839862436	0.013889383450783447	1.0,1.0,0.434	0.169,0.587,1.0	0.226
25291	"FKBP15"	"FKBP15"	chr9	-	113183740	113183845	113183750	113183845	113182765	113182868	25291	0,0,0	16,24,21	4,6,1	44,25,9	79	69	6.8848898266e-05	0.009867075463851358	0.0,0.0,0.0	0.074,0.173,0.088	-0.112
25295	"CIRBP"	"CIRBP"	chr19	+	1270870	1271246	1270870	1271036	1271328	1271467	25295	113,569,546	6,7,2	883,608,842	0,3,2	279	69	0.000540222366313	0.0356966437511726	0.823,0.953,0.985	1.0,0.98,0.99	-0.07
25342	"KMT2C"	"KMT2C"	chr7	-	152311797	152311944	152311912	152311944	152309965	152310075	25342	1700,959,1802	4,8,5	4889,4035,777	57,39,0	184	69	0.000109568830813	0.013215612437281058	0.994,0.978,0.993	0.97,0.975,1.0	0.007
2782	"PPP6R3"	"PPP6R3"	chr11	+	68505144	68505271	68505144	68505249	68519500	68519651	2782	4,24,8	4,12,4	41,42,18	5,5,2	91	69	0.000258238185957	0.021623343471131904	0.431,0.603,0.603	0.861,0.864,0.872	-0.32
2785	"ZNF718"	"ZNF718"	chr4	+	124475	125296	124475	124673	130787	130914	2785	39,297,441	0,0,0	680,205,676	8,4,2	692	69	6.57596418969e-05	0.009726708771011037	1.0,1.0,1.0	0.894,0.836,0.971	0.1
3217	"SNX14"	"SNX14"	chr6	-	85547111	85547226	85547115	85547226	85543604	85543760	3217	9,18,25	1,0,3	48,46,20	20,15,4	73	69	0.000104267534277	0.012977493351598316	0.895,1.0,0.887	0.694,0.743,0.825	0.173
3307	"TMUB2"	"TMUB2"	chr17	+	44187202	44187743	44187202	44187431	44189021	44189588	3307	1,29,31	0,0,0	3,24,19	4,2,3	381	69	1.56723711786e-09	4.70132747532792e-06	1.0,1.0,1.0	0.12,0.685,0.534	0.554
3369	"LIPA"	"LIPA"	chr10	-	89251706	89251775	89251736	89251775	89247537	89247649	3369	45,158,71	123,590,509	189,21,45	644,341,735	99	69	0.000258480100282	0.021623343471131904	0.203,0.157,0.089	0.17,0.041,0.041	0.066
337	"MBNL1"	"MBNL1"	chr3	+	152268928	152269407	152268928	152269092	152447619	152447773	337	342,2701,2263	0,6,8	2192,2369,3892	32,18,3	384	69	0.000707233944707	0.0414829289636761	1.0,0.988,0.981	0.925,0.959,0.996	0.03
3487	"ZNF146"	"ZNF146"	chr19	+	36214601	36215196	36214601	36215155	36228747	36228819	3487	1,1,1	0,1,4	2,6,1	0,0,0	110	69	0.000130997632916	0.014611604825581378	1.0,0.385,0.136	1.0,1.0,1.0	-0.493
3492	"ABLIM1"	"ABLIM1"	chr10	-	114526638	114526913	114526659	114526913	114491790	114491878	3492	0,1,3	3,17,11	2,6,3	0,9,1	90	69	0.000359891818008	0.02730896575903084	0.0,0.043,0.173	1.0,0.338,0.697	-0.606
3511	"RARS2"	"RARS2"	chr6	-	87589700	87590032	87589921	87590032	87569516	87569590	3511	14,50,47	0,4,4	68,60,63	0,0,2	290	69	0.000336928521344	0.02614975276682026	1.0,0.748,0.737	1.0,1.0,0.882	-0.132
362	"PACS2"	"PACS2"	chr14	+	105381913	105382058	105381913	105382046	105382476	105382581	362	0,1,4	6,19,35	6,5,14	19,16,52	81	69	0.000886195731027	0.04857541793819961	0.0,0.043,0.089	0.212,0.21,0.187	-0.159
3852	"PIGG"	"PIGG"	chr4	+	527038	527487	527038	527230	530435	530745	3852	2,3,15	1,1,4	8,3,8	0,0,0	326	69	2.98554182043e-07	0.00031389297233864403	0.297,0.388,0.442	1.0,1.0,1.0	-0.624
3871	"TMF1"	"TMF1"	chr3	-	69047348	69048562	69047357	69048562	69044491	69044595	3871	10,8,3	27,28,24	6,2,1	52,42,41	78	69	0.000520479729687	0.035354345667202046	0.247,0.202,0.1	0.093,0.04,0.021	0.132
394	"ANAPC16"	"ANAPC16"	chr10	+	72216011	72216232	72216011	72216138	72223887	72224056	394	0,15,2	9,39,20	0,0,3	18,9,43	163	69	0.000209368751331	0.01911017265680612	0.0,0.14,0.041	0.0,0.0,0.029	0.051
4331	"TMEM134"	"TMEM134"	chr11	-	67468016	67468092	67468027	67468092	67467500	67467590	4331	1,0,1	4,7,5	10,0,5	8,9,9	80	69	0.000921558783119	0.04957643801143659	0.177,0.0,0.147	0.519,0.0,0.324	-0.173
4455	"TMEM164"	"TMEM164"	chrX	+	110003113	110003178	110003113	110003156	110003882	110004164	4455	4,39,21	0,7,2	4,9,34	0,0,1	91	69	0.000273052973416	0.02247402134422336	1.0,0.809,0.888	1.0,1.0,0.963	-0.089
4513	"TBC1D7"	"TBC1D7"	chr6	-	13328315	13328583	13328455	13328583	13326786	13326963	4513	2,9,3	0,0,0	23,2,4	8,0,0	209	69	0.000696485130423	0.04122458809255998	1.0,1.0,1.0	0.487,1.0,1.0	0.171
4539	"DRAM2"	"DRAM2"	chr1	-	111139500	111139711	111139587	111139711	111137522	111137586	4539	20,25,22	0,0,2	65,20,15	20,1,0	156	69	0.000628719204458	0.03900734468509634	1.0,1.0,0.83	0.59,0.898,1.0	0.114
4551	"RBL1"	"RBL1"	chr20	-	37061945	37062270	37062083	37062270	37061102	37061269	4551	6,22,37	51,100,104	33,36,5	315,361,49	207	69	2.37957650644e-05	0.00539687951660592	0.038,0.068,0.106	0.034,0.032,0.033	0.038
4627	"RAP1B"	"RAP1B"	chr12	+	68610898	68611052	68610898	68611043	68654111	68654252	4627	39,113,124	0,6,5	210,186,130	29,21,9	78	69	0.00021811644106	0.019357359977898784	1.0,0.943,0.956	0.865,0.887,0.927	0.073
4688	"MYB"	"MYB"	chr6	+	135194355	135194460	135194355	135194451	135195747	135196002	4688	1,5,2	0,0,0	0,24,3	4,5,0	78	69	0.000709551911601	0.04149963787850892	1.0,1.0,1.0	0.0,0.809,1.0	0.397
4695	"PSME3IP1"	"PSME3IP1"	chr16	-	57185544	57186039	57185820	57186039	57173727	57173869	4695	0,5,12	9,17,10	0,0,3	29,15,5	345	69	0.000206037178426	0.01911017265680612	0.0,0.056,0.194	0.0,0.0,0.107	0.048
4697	"PSME3IP1"	"PSME3IP1"	chr16	-	57185735	57186039	57185820	57186039	57173727	57173869	4697	0,3,8	9,17,10	0,0,1	29,15,5	154	69	0.000228268162205	0.019997466639177938	0.0,0.073,0.264	0.0,0.0,0.082	0.085
4851	"PEX6"	"PEX6"	chr6	-	42978268	42979181	42978532	42979181	42974874	42975038	4851	2,28,59	0,0,0	43,21,18	8,0,0	333	69	0.000696744933673	0.04122458809255998	1.0,1.0,1.0	0.527,1.0,1.0	0.158
4863	"FAM104B"	"FAM104B"	chrX	-	55159121	55159228	55159125	55159228	55145244	55146311	4863	6,6,11	0,3,4	2,11,0	34,7,4	73	69	0.00011253005681	0.013432535202372631	1.0,0.654,0.722	0.053,0.598,0.0	0.575
5039	"TTLL3"	"TTLL3"	chr3	+	9826996	9827240	9826996	9827072	9828959	9829395	5039	0,2,18	6,1,0	2,8,6	0,0,0	237	69	2.94265265854e-05	0.006192311965579224	0.0,0.368,1.0	1.0,1.0,1.0	-0.544
5179	"UBL7-AS1"	"UBL7-AS1"	chr15	+	74461264	74462098	74461264	74462027	74466035	74466130	5179	1,3,1	0,1,0	8,0,6	6,3,1	140	69	6.85597814996e-05	0.009867075463851358	1.0,0.597,1.0	0.397,0.0,0.747	0.484
5283	"SMIM19"	"SMIM19"	chr8	+	42541584	42542155	42541584	42541705	42546468	42546606	5283	9,13,22	0,0,2	18,10,24	6,3,3	519	69	0.000184971744262	0.01806527867883227	1.0,1.0,0.594	0.285,0.307,0.515	0.496
5284	"SMIM19"	"SMIM19"	chr8	+	42541584	42542373	42541584	42541705	42546468	42546606	5284	9,19,32	0,0,2	23,13,37	6,3,3	737	69	0.000209811017748	0.01911017265680612	1.0,1.0,0.6	0.264,0.289,0.536	0.504
5285	"SMIM19"	"SMIM19"	chr8	+	42541584	42542465	42541584	42541705	42546468	42546606	5285	9,17,30	0,0,2	23,12,34	6,3,3	829	69	0.000302566179141	0.024314885230811385	1.0,1.0,0.555	0.242,0.25,0.485	0.526
5311	"MTRR"	"MTRR"	chr5	+	7869147	7869215	7869147	7869189	7870769	7870923	5311	4,4,23	0,0,7	8,3,7	0,0,0	95	69	0.000889027688181	0.04857541793819961	1.0,1.0,0.705	1.0,1.0,1.0	-0.098
5407	"METTL23"	"METTL23"	chr17	+	76726829	76727357	76726829	76727178	76732977	76733215	5407	10,5,14	0,5,1	2,15,3	0,0,0	248	69	0.000798329097517	0.044523206389390724	1.0,0.218,0.796	1.0,1.0,1.0	-0.329
5408	"METTL23"	"METTL23"	chr17	+	76726829	76727357	76726829	76727213	76732977	76733215	5408	3,1,8	0,0,0	0,6,2	1,3,3	213	69	1.90399584987e-10	7.772872657509288e-07	1.0,1.0,1.0	0.0,0.393,0.178	0.81
543	"AK9"	"AK9"	chr6	-	109690471	109691212	109691146	109691212	109675628	109675756	543	2,23,38	4,2,1	24,22,21	2,0,0	744	69	0.000649679074054	0.04006419715888293	0.044,0.516,0.779	0.527,1.0,1.0	-0.396
5552	"ST3GAL4"	"ST3GAL4"	chr11	+	126406472	126406557	126406472	126406545	126406942	126407023	5552	12,47,106	7,1,9	127,46,31	0,3,0	81	69	8.58713750643e-05	0.011360396733653032	0.594,0.976,0.909	1.0,0.929,1.0	-0.15
5568	"SNX11"	"SNX11"	chr17	+	48112030	48112111	48112030	48112085	48112573	48112660	5568	0,11,6	8,59,32	8,18,9	8,29,13	95	69	4.68214516556e-05	0.007957960478723217	0.0,0.119,0.12	0.421,0.311,0.335	-0.276
5817	"MGME1"	"MGME1"	chr20	+	17969800	17970370	17969800	17970130	17975683	17975903	5817	58,170,164	0,2,1	213,261,135	26,0,5	309	69	0.000155991160598	0.016427247584064716	1.0,0.95,0.973	0.647,1.0,0.858	0.139
5967	"BUD31"	"BUD31"	chr7	+	99408968	99409245	99408968	99409004	99410036	99410169	5967	13,28,30	0,0,0	25,56,26	3,2,6	310	69	1.41918480856e-07	0.000160935557290704	1.0,1.0,1.0	0.65,0.862,0.491	0.332
5974	"IFT52"	"IFT52"	chr20	+	43605001	43605216	43605001	43605073	43613849	43613976	5974	0,3,0	4,8,4	8,4,6	5,11,7	212	69	0.000670916083759	0.041002212879307505	0.0,0.109,0.0	0.342,0.106,0.218	-0.186
6219	"RPL23AP7"	"RPL23AP7"	chr2	-	113626829	113627138	113626880	113627138	113625608	113625729	6219	3,325,615	24,1968,4290	1912,542,4	21867,4359,19	120	69	0.000484917635043	0.03378204357166456	0.067,0.087,0.076	0.048,0.067,0.108	0.002
6372	"CCDC115"	"CCDC115"	chr2	-	130342014	130342164	130342038	130342164	130341840	130341944	6372	20,57,27	0,0,0	39,19,55	9,0,2	93	69	6.68424893926e-05	0.009745634953441079	1.0,1.0,1.0	0.763,1.0,0.953	0.095
6530	"CPEB2"	"CPEB2"	chr4	+	15007304	15007595	15007304	15007586	15008337	15008427	6530	3,1,3	6,5,4	0,0,0	10,6,6	78	69	4.18144358136e-05	0.00750209244898879	0.307,0.15,0.399	0.0,0.0,0.0	0.285
6591	"FRYL"	"FRYL"	chr4	-	48686680	48687160	48687005	48687160	48684672	48684795	6591	19,10,7	0,0,0	45,26,6	12,2,0	394	69	1.3841813219e-06	0.0009742837317855889	1.0,1.0,1.0	0.396,0.695,1.0	0.303
663	"SYNCRIP"	"SYNCRIP"	chr6	-	85622481	85622687	85622586	85622687	85619267	85619417	663	26,92,91	0,0,1	108,88,63	8,8,0	174	69	1.00373749546e-05	0.0034019878342536	1.0,1.0,0.973	0.843,0.814,1.0	0.105
6638	"SDHAF2"	"SDHAF2"	chr11	+	61437624	61438120	61437624	61437848	61445940	61446767	6638	4,111,124	0,2,0	18,280,89	10,9,1	341	69	0.000144212034015	0.01557489967362	1.0,0.918,1.0	0.267,0.863,0.947	0.28
6640	"SDHAF2"	"SDHAF2"	chr11	+	61437668	61438113	61437668	61437848	61445940	61446767	6640	28,150,170	0,2,0	61,382,112	10,9,1	334	69	5.02134347212e-05	0.0081345764248344	1.0,0.939,1.0	0.558,0.898,0.959	0.175
6670	"NPHP3"	"NPHP3"	chr3	-	132686259	132686387	132686332	132686387	132684553	132684794	6670	42,9,34	0,0,1	131,57,32	20,0,1	142	69	8.47988804746e-05	0.011360396733653032	1.0,1.0,0.943	0.761,1.0,0.94	0.081
6718	"XPO1"	"XPO1"	chr2	-	61525269	61525513	61525491	61525513	61522610	61522683	6718	134,136,441	0,5,4	676,971,160	38,28,6	291	69	0.000108103144871	0.013201353865431	1.0,0.866,0.963	0.808,0.892,0.863	0.089
6771	"FBXO48"	"FBXO48"	chr2	-	68467206	68467294	68467210	68467294	68466143	68466470	6771	0,7,5	2,27,7	0,0,1	7,49,6	73	69	1.34399435144e-05	0.00391908752879904	0.0,0.197,0.403	0.0,0.0,0.136	0.155
6785	"RPL41"	"RPL41"	chr12	+	56116632	56116863	56116632	56116799	56117188	56117211	6785	62,161,89	232,438,319	175,400,19	1056,1390,297	133	69	4.76056012187e-05	0.007960682631792643	0.122,0.16,0.126	0.079,0.13,0.032	0.056
713	"NCBP1"	"NCBP1"	chr9	+	97641561	97641691	97641561	97641662	97643203	97643360	713	0,2,1	10,8,8	6,2,2	4,3,4	98	69	0.000277675706538	0.022762716955235567	0.0,0.15,0.081	0.514,0.319,0.26	-0.287
7198	"ARFGEF1"	"ARFGEF1"	chr8	-	67216589	67216662	67216607	67216662	67211482	67211615	7198	10,19,15	0,1,0	54,32,13	17,2,0	87	69	7.6263975849e-05	0.010662330650888958	1.0,0.938,1.0	0.716,0.927,1.0	0.098
7199	"ARFGEF1"	"ARFGEF1"	chr8	-	67224902	67225033	67224913	67225033	67219430	67219560	7199	10,25,33	0,1,0	47,22,19	10,0,0	80	69	0.000705905509038	0.0414829289636761	1.0,0.956,1.0	0.802,1.0,1.0	0.051
7315	"TMEM253"	"TMEM253"	chr14	+	21102632	21102947	21102632	21102779	21103138	21103724	7315	12,7,24	0,1,0	9,6,15	4,0,3	237	69	4.71738789891e-05	0.007957960478723217	1.0,0.671,1.0	0.396,1.0,0.593	0.227
7347	"PMS2P4"	"PMS2P4"	chr7	-	67296936	67297303	67297216	67297303	67295617	67295801	7347	0,0,1	10,12,19	13,5,2	13,15,9	349	69	3.23807762936e-06	0.001612088794402349	0.0,0.0,0.01	0.165,0.062,0.042	-0.086
7353	"CCT6P3"	"CCT6P3"	chr7	+	65068708	65068813	65068708	65068790	65069660	65069757	7353	0,0,0	5,8,7	8,4,0	16,22,16	92	69	6.45577200077e-05	0.009689354270567444	0.0,0.0,0.0	0.273,0.12,0.0	-0.131
7498	"ARL15"	"ARL15"	chr5	-	54310294	54310573	54310431	54310573	54154579	54154639	7498	0,0,1	18,12,14	8,1,3	0,19,2	206	69	0.000689683097164	0.04122414850689284	0.0,0.0,0.023	1.0,0.017,0.334	-0.443
756	"PRKD2"	"PRKD2"	chr19	-	46716814	46717127	46716950	46717127	46716130	46716535	756	0,17,40	4,8,2	7,18,18	0,1,0	205	69	2.62584306732e-06	0.0013455394694387728	0.0,0.417,0.871	1.0,0.858,1.0	-0.523
7851	"KIAA1191"	"KIAA1191"	chr5	-	176359461	176359918	176359810	176359918	176348249	176348356	7851	10,52,51	0,1,0	27,59,51	3,0,5	418	69	0.000158528519471	0.016427247584064716	1.0,0.896,1.0	0.598,1.0,0.627	0.224
7867	"RLF"	"RLF"	chr1	+	40201927	40202111	40201927	40202016	40202411	40202614	7867	0,4,2	25,22,32	44,15,2	22,81,16	164	69	0.000207769989012	0.01911017265680612	0.0,0.071,0.026	0.457,0.072,0.05	-0.161
7891	"CBFA2T3"	"CBFA2T3"	chr16	-	88898077	88898152	88898087	88898152	88892243	88892485	7891	20,24,30	0,0,0	95,83,20	11,1,0	79	69	0.00083039405272	0.046185295379075314	1.0,1.0,1.0	0.883,0.986,1.0	0.044
8016	"PIP4K2A"	"PIP4K2A"	chr10	-	22713881	22714108	22713923	22714108	22609619	22609717	8016	10,10,8	0,7,4	5,3,2	8,7,10	111	69	0.000588283383447	0.03717659573659493	1.0,0.47,0.554	0.28,0.21,0.111	0.474
8017	"PIP4K2A"	"PIP4K2A"	chr10	-	22713881	22714108	22713935	22714108	22609619	22609717	8017	10,10,8	12,106,75	5,3,2	151,84,52	123	69	6.9125602162e-05	0.009867075463851358	0.319,0.05,0.056	0.018,0.02,0.021	0.122
8033	"STUB1"	"STUB1"	chr16	+	681792	681903	681792	681880	682019	682076	8033	0,0,0	10,86,74	23,0,0	80,61,87	92	69	1.65042287563e-05	0.0043751210048518915	0.0,0.0,0.0	0.177,0.0,0.0	-0.059
8402	"CDKN1A"	"CDKN1A"	chr6	+	36678713	36678924	36678713	36678798	36684096	36684645	8402	27,533,254	234,1625,1559	106,271,243	1421,1928,1038	195	69	4.87500161167e-05	0.007960682631792643	0.039,0.104,0.055	0.026,0.047,0.076	0.016
8501	"COMMD6"	"COMMD6"	chr13	-	75537381	75537675	75537663	75537675	75530113	75530266	8501	0,7,7	19,47,44	13,6,11	13,47,11	351	69	0.000359369760018	0.02730896575903084	0.0,0.028,0.03	0.164,0.024,0.164	-0.098
8626	"TSPAN18"	"TSPAN18"	chr11	+	44860327	44860478	44860327	44860469	44906406	44906479	8626	16,23,9	26,117,149	20,0,3	209,187,60	78	69	0.000100138064468	0.012658483634076	0.352,0.148,0.051	0.078,0.0,0.042	0.144
8695	"GMFB"	"GMFB"	chr14	-	54482121	54482202	54482152	54482202	54481408	54481458	8695	0,0,1	13,17,19	16,2,3	46,22,25	100	69	1.01079364883e-05	0.0034019878342536	0.0,0.0,0.035	0.194,0.059,0.076	-0.098
8714	"GOLGA4"	"GOLGA4"	chr3	+	37296086	37296219	37296086	37296215	37298832	37299020	8714	59,102,110	9,2,4	297,217,82	3,0,0	73	69	7.37883493132e-05	0.01038736404262785	0.861,0.98,0.963	0.989,1.0,1.0	-0.062
8722	"ARMCX4"	"ARMCX4"	chrX	+	101418828	101419000	101418828	101418996	101444051	101444155	8722	6,12,11	0,0,0	16,35,4	0,14,1	73	69	1.04999624514e-05	0.0034019878342536	1.0,1.0,1.0	1.0,0.703,0.791	0.169
8922	"SWT1"	"SWT1"	chr1	+	185157166	185157626	185157166	185157314	185160832	185160925	8922	3,7,2	0,0,1	11,4,3	6,2,1	381	69	0.000104204294739	0.012977493351598316	1.0,1.0,0.266	0.249,0.266,0.352	0.466
9051	"SMAD4"	"SMAD4"	chr18	+	51065341	51065606	51065341	51065469	51067018	51067187	9051	25,87,95	0,0,1	219,147,61	8,4,1	206	69	0.00050470809403	0.03480439734912284	1.0,1.0,0.97	0.902,0.925,0.953	0.063
9345	"CHD9"	"CHD9"	chr16	+	53208264	53208709	53208264	53208347	53209481	53209813	9345	58,195,150	229,663,365	366,414,186	895,538,308	431	69	1.09311518726e-07	0.00015134961924270722	0.039,0.045,0.062	0.061,0.11,0.088	-0.038
9506	"LOC102606465"	"LOC102606465"	chr1	+	101075275	101075716	101075275	101075380	101077362	101077508	9506	4,1,1	0,0,0	0,4,4	4,0,1	405	69	5.14023647746e-06	0.0022809240647372504	1.0,1.0,1.0	0.0,1.0,0.405	0.532
9604	"EVI5"	"EVI5"	chr1	-	92697859	92697985	92697888	92697985	92695309	92695453	9604	15,24,34	0,0,1	152,66,32	15,2,0	98	69	0.000473641119129	0.033453157521318846	1.0,1.0,0.96	0.877,0.959,1.0	0.041
9770	"SWI5"	"SWI5"	chr9	+	128284509	128284631	128284509	128284619	128285938	128286033	9770	35,178,217	0,3,1	319,239,118	14,5,6	81	69	0.000579100728037	0.037055185143232736	1.0,0.981,0.995	0.951,0.976,0.944	0.035
9889	"PPA2"	"PPA2"	chr4	-	105456247	105456745	105456680	105456745	105453597	105453642	9889	28,19,28	39,59,100	131,83,13	158,129,22	502	69	0.000298150342908	0.0241163433348507	0.09,0.042,0.037	0.102,0.081,0.075	-0.03
