0	"MLC1"	"MLC1"	chr22	-	50059390	50061657	50059390	50060152	50061452	50061657	0	52,48,321	6,4,16	290,19,111	3,3,1	138	69	0.00174327026631	0.045906117012830004	0.812,0.857,0.909	0.98,0.76,0.982	-0.048
1158	"RETREG2"	"RETREG2"	chr2	+	219182012	219185475	219182012	219182308	219182413	219185475	1158	29,298,363	2,7,7	309,217,490	20,10,33	138	69	0.000186025762586	0.010983352656261833	0.879,0.955,0.963	0.885,0.916,0.881	0.038
116	"RPL28"	"RPL28"	chr19	+	55387929	55392083	55387929	55388048	55391553	55392083	116	1,8,15	0,0,1	12,18,3	8,5,0	138	69	3.56735078149e-05	0.003775334062901398	1.0,1.0,0.882	0.429,0.643,1.0	0.27
1174	"SLC25A39"	"SLC25A39"	chr17	-	44321057	44321558	44321057	44321231	44321433	44321558	1174	9,1,5	12,20,28	0,1,1	49,15,61	138	69	6.39332468333e-06	0.0010724254755257224	0.273,0.024,0.082	0.0,0.032,0.008	0.113
1343	"CIZ1"	"CIZ1"	chr9	-	128178708	128179415	128178708	128178904	128179072	128179415	1343	13,6,21	0,0,2	51,6,15	1,5,3	138	69	0.00184160858763	0.046409680146349996	1.0,1.0,0.84	0.962,0.375,0.714	0.263
1391	"FAM177A1"	"FAM177A1"	chr14	+	35046243	35046628	35046243	35046406	35046504	35046628	1391	12,44,52	0,0,3	30,66,92	26,31,0	138	69	0.000129721121565	0.00866197346259625	1.0,1.0,0.897	0.366,0.516,1.0	0.338
1454	"NEK1"	"NEK1"	chr4	-	169612019	169612583	169612019	169612143	169612221	169612583	1454	4,2,3	0,1,3	0,3,0	3,3,4	138	69	0.00100904545605	0.03329974413319153	1.0,0.5,0.333	0.0,0.333,0.0	0.5
1560	"DCTN1"	"DCTN1"	chr2	-	74366243	74366620	74366243	74366375	74366458	74366620	1560	6,1,4	4,32,40	0,0,1	42,18,44	138	69	0.00120953789521	0.0364747207216822	0.429,0.015,0.048	0.0,0.0,0.011	0.16
1624	"DNAJB2"	"DNAJB2"	chr2	+	219284631	219286895	219284631	219284835	219285986	219286895	1624	33,115,161	44,269,269	125,100,111	514,234,380	138	69	2.69388956047e-05	0.003261176203234954	0.273,0.176,0.23	0.108,0.176,0.127	0.089
1738	"SUZ12P1"	"SUZ12P1"	chr17	+	30768833	30769064	30768833	30768867	30769000	30769064	1738	193,231,342	4,3,14	635,871,97	85,45,6	138	69	1.9272874654e-06	0.0005899716875995311	0.96,0.975,0.924	0.789,0.906,0.89	0.091
1863	"MSL1"	"MSL1"	chr17	+	40121970	40123380	40121970	40122760	40123284	40123380	1863	13,161,148	0,0,0	130,122,92	26,0,2	138	69	8.18054306073e-07	0.0003823722168969548	1.0,1.0,1.0	0.714,1.0,0.958	0.109
1864	"SNX21"	"SNX21"	chr20	+	45840638	45843276	45840638	45840780	45842032	45843276	1864	1,13,6	0,0,0	29,17,17	10,1,0	138	69	4.19014250771e-05	0.0042114500013270524	1.0,1.0,1.0	0.592,0.895,1.0	0.171
1867	"PSMG3-AS1"	"PSMG3-AS1"	chr7	+	1584383	1589625	1584383	1585617	1587820	1589625	1867	0,5,30	6,0,2	23,21,11	0,0,0	138	69	0.000750913164669	0.028972645718803588	0.0,1.0,0.882	1.0,1.0,1.0	-0.373
1884	"ZNF582-AS1"	"ZNF582-AS1"	chr19	+	56398276	56399170	56398276	56398383	56398893	56399170	1884	0,5,5	10,5,12	0,0,0	15,9,3	138	69	5.29392491766e-05	0.0047892943327669255	0.0,0.333,0.172	0.0,0.0,0.0	0.168
1902	"H2AJ"	"H2AJ"	chr12	+	14774335	14778002	14774335	14774976	14775290	14778002	1902	39,224,185	0,10,21	243,249,198	43,42,33	138	69	0.000100476055333	0.007319093433283077	1.0,0.918,0.815	0.739,0.748,0.75	0.165
1915	"MYCL"	"MYCL"	chr1	-	39900938	39901917	39900938	39901443	39901807	39901917	1915	0,4,0	6,0,1	12,0,5	0,1,0	138	69	4.04992348992e-05	0.004206670528696534	0.0,1.0,0.0	1.0,0.0,1.0	-0.333
1929	"BOLA3-AS1"	"BOLA3-AS1"	chr2	+	74147980	74148478	74147980	74148223	74148349	74148478	1929	46,171,248	17,6,15	279,328,143	12,6,2	138	69	0.00115893457769	0.03595409244760934	0.575,0.934,0.892	0.921,0.965,0.973	-0.153
1938	"NACA"	"NACA"	chr12	-	56712426	56712908	56712426	56712552	56712785	56712908	1938	4,27,43	81,209,203	5,18,11	360,261,56	138	69	3.41004177729e-06	0.0007799007383584335	0.024,0.061,0.096	0.007,0.033,0.089	0.017
2048	"WRN"	"WRN"	chr8	+	31090464	31090940	31090464	31090532	31090833	31090940	2048	0,0,1	4,17,18	8,4,3	58,33,9	138	69	0.000783557335002	0.029695764135312285	0.0,0.0,0.027	0.065,0.057,0.143	-0.079
2052	"UBA7"	"UBA7"	chr3	-	49808975	49809455	49808975	49809159	49809389	49809455	2052	6,39,46	24,105,100	56,31,34	318,109,144	138	69	0.00145468302635	0.04178710767921667	0.111,0.157,0.187	0.081,0.124,0.106	0.048
2054	"UBA7"	"UBA7"	chr3	-	49809541	49809836	49809541	49809725	49809814	49809836	2054	0,6,6	6,95,101	23,19,17	167,127,128	138	69	0.00147611033785	0.04178710767921667	0.0,0.031,0.029	0.064,0.07,0.062	-0.045
2074	"SDHAF2"	"SDHAF2"	chr11	+	61438003	61438342	61438003	61438113	61438219	61438342	2074	1,9,11	1,0,0	3,6,6	4,2,1	138	69	0.000153030453808	0.009644357476506427	0.333,1.0,1.0	0.273,0.6,0.75	0.237
2075	"SDHAF2"	"SDHAF2"	chr11	+	61438003	61438342	61438003	61438113	61438244	61438342	2075	1,9,11	0,1,0	3,6,6	19,9,0	138	69	6.16810958032e-06	0.0010724254755257224	1.0,0.818,1.0	0.073,0.25,1.0	0.498
2080	"UBE2Q1"	"UBE2Q1"	chr1	-	154551920	154552301	154551920	154551979	154552092	154552301	2080	7,101,82	90,213,313	25,54,46	595,275,160	138	69	0.000194508228055	0.011247388156293761	0.037,0.192,0.116	0.021,0.089,0.126	0.036
2106	"PTGES3L"	"PTGES3L"	chr17	-	42979377	42979659	42979377	42979444	42979549	42979659	2106	0,16,17	44,119,101	7,11,10	328,106,166	138	69	0.00108722922784	0.034649254198605456	0.0,0.063,0.078	0.011,0.049,0.029	0.017
2204	"TRPC1"	"TRPC1"	chr3	+	142743111	142743586	142743111	142743320	142743484	142743586	2204	0,0,2	3,6,7	0,26,2	18,16,5	138	69	0.00114373902914	0.03595409244760934	0.0,0.0,0.125	0.0,0.448,0.167	-0.163
2263	"CTNNBIP1"	"CTNNBIP1"	chr1	-	9871968	9872392	9871968	9872088	9872252	9872392	2263	4,11,6	0,0,0	21,2,10	4,2,1	138	69	6.72199947129e-05	0.005464303628183422	1.0,1.0,1.0	0.724,0.333,0.833	0.37
233	"SEC14L1"	"SEC14L1"	chr17	+	77213917	77217099	77213917	77214019	77216548	77217099	233	392,1269,1383	0,9,4	2069,787,976	33,6,22	138	69	2.87412512023e-06	0.0007327712636077305	1.0,0.986,0.994	0.969,0.985,0.957	0.023
2365	"FCHSD2"	"FCHSD2"	chr11	-	72843133	72843532	72843133	72843328	72843448	72843532	2365	0,3,9	2,4,16	0,1,0	18,9,2	138	69	2.83841232062e-05	0.003261176203234954	0.0,0.273,0.22	0.0,0.053,0.0	0.147
2409	"MTHFD2"	"MTHFD2"	chr2	+	74205704	74206088	74205704	74205889	74205981	74206088	2409	22,37,41	0,0,1	37,28,39	8,2,1	138	69	4.63412084256e-05	0.004405556577274414	1.0,1.0,0.953	0.698,0.875,0.951	0.143
2410	"MTHFD2"	"MTHFD2"	chr2	+	74211740	74212109	74211740	74211866	74211969	74212109	2410	3,12,19	0,6,6	12,42,8	0,0,2	138	69	0.000151856890424	0.009644357476506427	1.0,0.5,0.613	1.0,1.0,0.667	-0.185
2431	"ATP6V1E1"	"ATP6V1E1"	chr22	-	17598193	17598456	17598193	17598288	17598375	17598456	2431	5,44,39	0,2,0	54,98,28	20,9,0	138	69	8.75802474214e-05	0.006638346051170711	1.0,0.917,1.0	0.574,0.845,1.0	0.166
2463	"CS"	"CS"	chr12	-	56274776	56275048	56274776	56274878	56275001	56275048	2463	4,6,6	2,29,20	0,4,2	56,12,29	138	69	0.00137971879938	0.04051750128650482	0.5,0.094,0.13	0.0,0.143,0.033	0.183
2494	"TLN1"	"TLN1"	chr9	-	35714238	35714654	35714238	35714373	35714573	35714654	2494	65,953,528	746,4529,6764	807,130,1649	9332,3073,12699	138	69	0.000224159792584	0.012019648498048848	0.042,0.095,0.038	0.041,0.021,0.061	0.017
2510	"TLN1"	"TLN1"	chr9	-	35720433	35720913	35720433	35720508	35720811	35720913	2510	103,1389,1558	4,25,27	1043,743,2562	94,21,52	138	69	3.02337604864e-05	0.003261176203234954	0.928,0.965,0.967	0.847,0.946,0.961	0.035
2514	"TLN1"	"TLN1"	chr9	-	35724285	35724724	35724285	35724334	35724571	35724724	2514	14,1722,2309	1325,10402,14518	175,1265,3512	16142,10122,20118	138	69	2.14934901777e-06	0.0006027849320335965	0.005,0.076,0.074	0.005,0.059,0.08	0.004
2522	"CTSW"	"CTSW"	chr11	+	65882430	65882689	65882430	65882526	65882608	65882689	2522	0,9,23	17,73,178	3,2,11	114,35,227	138	69	0.000997980019507	0.03329974413319153	0.0,0.058,0.061	0.013,0.028,0.024	0.018
2526	"KLHDC8B"	"KLHDC8B"	chr3	+	49174720	49175163	49174720	49174966	49175061	49175163	2526	0,3,1	13,81,35	10,7,1	50,41,33	138	69	0.000287916909358	0.014418981648116268	0.0,0.018,0.014	0.091,0.079,0.015	-0.051
2527	"MAP4"	"MAP4"	chr3	-	47870857	47871286	47870857	47871105	47871226	47871286	2527	0,6,4	3,6,18	1,0,0	2,37,6	138	69	0.000282672573852	0.014283878078701516	0.0,0.333,0.1	0.2,0.0,0.0	0.078
2529	"TRIOBP"	"TRIOBP"	chr22	+	37754915	37755190	37754915	37754984	37755100	37755190	2529	3,6,8	9,19,31	0,2,4	49,12,18	138	69	0.00210567537486	0.04962492931760395	0.143,0.136,0.114	0.0,0.077,0.1	0.072
2663	"LRCH4"	"LRCH4"	chr7	-	100577821	100578316	100577821	100577912	100578158	100578316	2663	0,2,10	3,15,28	2,0,0	53,23,26	138	69	4.23367017203e-05	0.0042114500013270524	0.0,0.062,0.152	0.019,0.0,0.0	0.065
2676	"NRDC"	"NRDC"	chr1	-	51789193	51789661	51789193	51789433	51789563	51789661	2676	8,2,11	0,0,0	56,13,3	9,5,0	138	69	2.64972317277e-06	0.0007077284417174728	1.0,1.0,1.0	0.757,0.565,1.0	0.226
2688	"PIK3CD"	"PIK3CD"	chr1	+	9720433	9720909	9720433	9720661	9720744	9720909	2688	0,1,3	4,2,1	1,2,1	0,0,0	138	69	1.99753658059e-10	3.7347275601764366e-07	0.0,0.2,0.6	1.0,1.0,1.0	-0.733
2734	"UBL4A"	"UBL4A"	chrX	-	154486231	154486615	154486231	154486333	154486536	154486615	2734	23,207,121	74,537,525	47,103,182	697,382,549	138	69	0.00176296095069	0.04620770080570192	0.135,0.162,0.103	0.033,0.119,0.142	0.035
2750	"SFPQ"	"SFPQ"	chr1	-	35186946	35187251	35186946	35187122	35187202	35187251	2750	0,15,20	2,41,25	0,4,1	16,45,31	138	69	1.01113514694e-06	0.00039794809085656735	0.0,0.155,0.286	0.0,0.043,0.016	0.127
2772	"TAF6"	"TAF6"	chr7	-	100113509	100113954	100113509	100113769	100113867	100113954	2772	0,2,0	12,15,13	3,5,5	20,9,19	138	69	0.000299243805652	0.014723320227211123	0.0,0.062,0.0	0.07,0.217,0.116	-0.114
2773	"TAF11"	"TAF11"	chr6	-	34879966	34880348	34879966	34880063	34880288	34880348	2773	0,1,2	4,21,20	1,12,3	31,24,8	138	69	0.0015103030519	0.0419275261914666	0.0,0.023,0.048	0.016,0.2,0.158	-0.101
2779	"SIN3B"	"SIN3B"	chr19	+	16863273	16863796	16863273	16863362	16863679	16863796	2779	1,5,8	0,0,4	0,3,0	4,1,1	138	69	0.000266294282802	0.013703161763636864	1.0,1.0,0.5	0.0,0.6,0.0	0.633
2784	"BIN2"	"BIN2"	chr12	-	51287883	51288188	51287883	51288029	51288107	51288188	2784	20,70,84	0,0,0	72,91,69	6,5,1	138	69	4.58762827843e-05	0.004405556577274414	1.0,1.0,1.0	0.857,0.901,0.972	0.09
2786	"BIN2"	"BIN2"	chr12	-	51302019	51302780	51302019	51302115	51302517	51302780	2786	45,264,264	38,263,169	375,298,258	586,476,257	138	69	0.000206431352961	0.011695691502608577	0.372,0.334,0.439	0.242,0.238,0.334	0.11
2815	"ATF2"	"ATF2"	chr2	-	175117989	175118364	175117989	175118118	175118204	175118364	2815	6,20,12	0,1,0	11,47,13	12,2,0	138	69	0.000790472457017	0.029756778600056065	1.0,0.909,1.0	0.314,0.922,1.0	0.224
2833	"RGS14"	"RGS14"	chr5	+	177367413	177367750	177367413	177367557	177367713	177367750	2833	0,6,3	2,5,3	0,1,0	3,7,1	138	69	0.000104899056262	0.007447832994602	0.0,0.375,0.333	0.0,0.067,0.0	0.214
2854	"HDAC1"	"HDAC1"	chr1	+	32331473	32331946	32331473	32331582	32331675	32331946	2854	7,1,16	40,66,131	3,3,5	161,81,118	138	69	0.00087076656481	0.031308523474482625	0.08,0.008,0.058	0.009,0.018,0.021	0.033
2892	"SGSM3"	"SGSM3"	chr22	+	40407200	40407593	40407200	40407328	40407412	40407593	2892	0,4,10	16,9,34	0,1,4	84,16,24	138	69	0.00062063653632	0.02504424699438043	0.0,0.182,0.128	0.0,0.03,0.077	0.068
2935	"LAT"	"LAT"	chr16	+	28989529	28990019	28989529	28989839	28989932	28990019	2935	9,78,72	258,1482,1245	19,58,108	1748,1846,2123	138	69	0.000332507258938	0.015672548028430607	0.017,0.026,0.028	0.005,0.015,0.025	0.009
296	"FXYD3"	"FXYD3"	chr19	+	35122764	35122954	35122764	35122839	35122917	35122954	296	4,3,2	1,13,24	0,1,0	13,16,3	138	69	0.00177388154894	0.04627768189769516	0.667,0.103,0.04	0.0,0.03,0.0	0.26
2976	"SLC50A1"	"SLC50A1"	chr1	+	155137679	155138098	155137679	155137722	155137978	155138098	2976	0,18,23	10,114,155	5,15,12	255,160,112	138	69	0.00127718640192	0.03810499217217702	0.0,0.073,0.069	0.01,0.045,0.051	0.012
3068	"NCKAP1L"	"NCKAP1L"	chr12	+	54518943	54519332	54518943	54518972	54519186	54519332	3068	0,4,14	26,22,27	0,2,0	39,24,23	138	69	1.95178383716e-05	0.002606560843483438	0.0,0.083,0.206	0.0,0.04,0.0	0.083
3106	"CTDSP1"	"CTDSP1"	chr2	+	218401925	218402405	218401925	218402215	218402348	218402405	3106	1,52,117	97,576,723	3,58,75	1169,568,794	138	69	9.32037113488e-07	0.00039794809085656735	0.005,0.043,0.075	0.001,0.049,0.045	0.009
3111	"SNCA"	"SNCA"	chr4	-	89836742	89837161	89836742	89836789	89836961	89837161	3111	8,80,44	4,5,3	44,45,146	0,0,1	138	69	6.38939288278e-06	0.0010724254755257224	0.5,0.889,0.88	1.0,1.0,0.986	-0.239
3117	"MPND"	"MPND"	chr19	+	4357339	4357585	4357339	4357421	4357514	4357585	3117	0,4,5	6,2,6	0,0,0	2,9,4	138	69	6.14783117026e-05	0.005146744034923632	0.0,0.5,0.294	0.0,0.0,0.0	0.265
3127	"LGALS12"	"LGALS12"	chr11	+	63507986	63508641	63507986	63508041	63508552	63508641	3127	19,56,50	0,1,9	24,54,51	37,39,6	138	69	0.000223539968013	0.012019648498048848	1.0,0.966,0.735	0.245,0.409,0.81	0.412
319	"SAMD9L"	"SAMD9L"	chr7	-	93145384	93146040	93145384	93145532	93145908	93146040	319	1,4,8	4,2,0	5,9,1	0,0,1	138	69	0.000941535447409	0.032201660515348056	0.111,0.5,1.0	1.0,1.0,0.333	-0.241
3197	"COPZ1"	"COPZ1"	chr12	+	54342877	54343316	54342877	54342999	54343224	54343316	3197	4,3,7	0,0,1	6,10,8	6,1,4	138	69	2.98159126406e-05	0.003261176203234954	1.0,1.0,0.778	0.333,0.833,0.5	0.371
3221	"OSGEP"	"OSGEP"	chr14	-	20448901	20449266	20448901	20449013	20449170	20449266	3221	0,5,11	2,13,20	2,0,5	63,17,41	138	69	6.53556799567e-05	0.00539088248348721	0.0,0.161,0.216	0.016,0.0,0.057	0.101
3238	"CTSA"	"CTSA"	chr20	+	45892724	45893145	45892724	45892880	45893039	45893145	3238	44,461,999	0,1,2	242,780,560	16,8,0	138	69	0.000442314418431	0.01969001248396412	1.0,0.996,0.996	0.883,0.98,1.0	0.043
3279	"SPOPL"	"SPOPL"	chr2	+	138564707	138564989	138564707	138564850	138564939	138564989	3279	0,3,10	14,31,53	0,1,4	78,77,35	138	69	0.00130017092726	0.038424504124594264	0.0,0.046,0.086	0.0,0.006,0.054	0.024
3300	"GTPBP2"	"GTPBP2"	chr6	-	43623736	43624041	43623736	43623795	43623932	43624041	3300	6,77,116	128,778,799	40,42,105	998,589,948	138	69	0.00169425824497	0.0457102025776052	0.023,0.047,0.068	0.02,0.034,0.052	0.011
3334	"ACD"	"ACD"	chr16	-	67658927	67659411	67658927	67659079	67659228	67659411	3334	0,2,1	7,26,22	6,11,1	44,32,16	138	69	0.00108241347804	0.034649254198605456	0.0,0.037,0.022	0.064,0.147,0.03	-0.061
3352	"CTDNEP1"	"CTDNEP1"	chr17	-	7246010	7246370	7246010	7246137	7246253	7246370	3352	3,37,30	63,265,337	22,16,21	571,289,312	138	69	0.000473143956324	0.020572592643576092	0.023,0.065,0.043	0.019,0.027,0.033	0.017
3373	"UBR4"	"UBR4"	chr1	-	19145792	19146106	19145792	19145933	19146022	19146106	3373	0,0,4	4,1,1	5,0,4	0,2,0	138	69	0.00148948895098	0.04178710767921667	0.0,0.0,0.667	1.0,0.0,1.0	-0.444
3375	"UBR4"	"UBR4"	chr1	-	19183810	19184075	19183810	19183896	19184015	19184075	3375	0,4,12	8,57,64	0,5,5	163,90,66	138	69	0.00184210783085	0.046409680146349996	0.0,0.034,0.086	0.0,0.027,0.036	0.019
343	"TCF3"	"TCF3"	chr19	-	1609291	1611849	1609291	1611369	1611703	1611849	343	3,1,11	0,0,1	0,13,5	10,1,0	138	69	0.00140393245949	0.04101383940249693	1.0,1.0,0.846	0.0,0.867,1.0	0.326
3452	"PTPRA"	"PTPRA"	chr20	+	2986764	2987131	2986764	2986849	2987079	2987131	3452	0,4,12	4,0,3	15,7,3	0,0,0	138	69	5.52119095173e-05	0.004829258377639228	0.0,1.0,0.667	1.0,1.0,1.0	-0.444
3463	"ZFAND1"	"ZFAND1"	chr8	-	81714598	81714895	81714598	81714659	81714803	81714895	3463	5,18,11	0,2,1	12,19,3	12,13,0	138	69	0.0020069768186	0.048313875431448064	1.0,0.818,0.846	0.333,0.422,1.0	0.303
3475	"FERMT3"	"FERMT3"	chr11	+	64219538	64219789	64219538	64219658	64219739	64219789	3475	16,524,622	953,3474,5086	251,338,1319	8740,3892,8659	138	69	0.00188542666685	0.046409680146349996	0.008,0.07,0.058	0.014,0.042,0.071	0.003
3503	"ZSWIM8"	"ZSWIM8"	chr10	+	73793864	73794210	73793864	73794044	73794146	73794210	3503	1,0,6	1,2,8	0,0,1	2,2,9	138	69	0.00205854498995	0.04913352701544489	0.333,0.0,0.273	0.0,0.0,0.053	0.184
3507	"SNAP23"	"SNAP23"	chr15	+	42512954	42513209	42512954	42512996	42513173	42513209	3507	2,15,34	0,3,5	26,36,19	0,2,0	138	69	0.000585339349784	0.023791075456075766	1.0,0.714,0.773	1.0,0.9,1.0	-0.138
3534	"RBM5"	"RBM5"	chr3	+	50106766	50107087	50106766	50106864	50107017	50107087	3534	0,0,2	13,14,24	7,6,2	36,12,5	138	69	5.24824471279e-05	0.0047892943327669255	0.0,0.0,0.04	0.089,0.2,0.167	-0.139
3564	"AP2B1"	"AP2B1"	chr17	+	35627384	35627720	35627384	35627505	35627630	35627720	3564	14,42,42	284,344,423	39,39,39	1647,462,391	138	69	0.000768104533549	0.02930815189575742	0.024,0.058,0.047	0.012,0.04,0.048	0.01
3659	"TRIQK"	"TRIQK"	chr8	-	92891988	92892292	92891988	92892074	92892253	92892292	3659	3,34,38	0,0,1	157,84,22	8,3,2	138	69	0.000963047536787	0.0327377795990199	1.0,1.0,0.95	0.908,0.933,0.846	0.088
3666	"RINT1"	"RINT1"	chr7	+	105548555	105548967	105548555	105548710	105548828	105548967	3666	1,1,1	3,2,0	2,2,1	0,0,0	138	69	3.55896706172e-06	0.0007799007383584335	0.143,0.2,1.0	1.0,1.0,1.0	-0.552
3708	"LRMP"	"LRMP"	chr12	+	25079246	25079462	25079246	25079294	25079397	25079462	3708	2,17,27	0,0,0	30,32,15	9,0,0	138	69	0.000564138588934	0.023791075456075766	1.0,1.0,1.0	0.625,1.0,1.0	0.125
3730	"TXNIP"	"TXNIP"	chr1	-	145994561	145995031	145994561	145994800	145994928	145995031	3730	24,35,114	248,747,1007	46,27,35	1009,697,385	138	69	0.00207589281705	0.0493376390289553	0.046,0.023,0.054	0.022,0.019,0.043	0.013
3755	"TBC1D17"	"TBC1D17"	chr19	+	49881716	49882152	49881716	49881832	49882040	49882152	3755	0,8,3	4,0,7	2,3,5	0,0,0	138	69	4.72912729754e-07	0.0002947297223544651	0.0,1.0,0.176	1.0,1.0,1.0	-0.608
3779	"BZW1"	"BZW1"	chr2	+	200815351	200815761	200815351	200815517	200815666	200815761	3779	3,35,35	59,130,155	3,32,33	398,211,112	138	69	0.00187260930428	0.046409680146349996	0.025,0.119,0.101	0.004,0.07,0.128	0.014
3781	"STX4"	"STX4"	chr16	+	31034012	31034291	31034012	31034114	31034203	31034291	3781	0,0,1	2,3,3	8,5,1	12,1,4	138	69	0.000135524410111	0.008848795014713874	0.0,0.0,0.143	0.25,0.714,0.111	-0.311
3782	"STX4"	"STX4"	chr16	+	31034012	31034291	31034012	31034114	31034225	31034291	3782	0,1,1	6,39,44	8,12,1	34,47,46	138	69	4.2797762538e-05	0.0042114500013270524	0.0,0.013,0.011	0.105,0.113,0.011	-0.068
379	"GSTK1"	"GSTK1"	chr7	+	143264991	143265296	143264991	143265092	143265260	143265296	379	3,34,50	87,134,214	9,35,42	345,297,306	138	69	0.000137251767923	0.008848795014713874	0.017,0.113,0.105	0.013,0.056,0.064	0.034
3809	"ATF4"	"ATF4"	chr22	+	39520558	39521671	39520558	39520749	39521353	39521671	3809	51,152,181	0,0,1	108,219,161	8,5,0	138	69	0.0011539247521	0.03595409244760934	1.0,1.0,0.989	0.871,0.956,1.0	0.054
382	"MCM7"	"MCM7"	chr7	-	100099022	100099403	100099022	100099203	100099278	100099403	382	8,2,3	12,42,23	0,0,2	45,27,19	138	69	0.000292118105176	0.014499915503824637	0.25,0.023,0.061	0.0,0.0,0.05	0.095
3823	"CTNS"	"CTNS"	chr17	+	3656486	3656893	3656486	3656586	3656675	3656893	3823	3,8,8	35,40,56	3,4,1	133,62,25	138	69	0.000629041767781	0.02520210911059735	0.041,0.091,0.067	0.011,0.031,0.02	0.046
3833	"CSDE1"	"CSDE1"	chr1	-	114733731	114734123	114733731	114733857	114733988	114734123	3833	26,150,163	282,732,735	137,120,157	1929,784,984	138	69	0.000135962552581	0.008848795014713874	0.044,0.093,0.1	0.034,0.071,0.074	0.019
3867	"NUP98"	"NUP98"	chr11	-	3778983	3779257	3778983	3779049	3779155	3779257	3867	6,5,4	7,36,36	2,1,1	32,51,17	138	69	0.000583000283245	0.023791075456075766	0.3,0.065,0.053	0.03,0.01,0.029	0.116
3885	"TMEM214"	"TMEM214"	chr2	+	27037814	27038237	27037814	27037892	27038145	27038237	3885	0,4,3	4,1,3	5,3,6	0,0,2	138	69	7.4559029954e-05	0.0059332066467871	0.0,0.667,0.333	1.0,1.0,0.6	-0.533
3893	"TENT2"	"TENT2"	chr5	+	79612416	79613075	79612416	79612691	79613010	79613075	3893	9,25,33	0,0,0	54,21,23	10,0,0	138	69	0.000118618624017	0.008213973606313	1.0,1.0,1.0	0.73,1.0,1.0	0.09
3940	"HERC4"	"HERC4"	chr10	-	68038092	68038532	68038092	68038169	68038430	68038532	3940	4,2,4	0,0,0	3,8,4	5,0,3	138	69	4.38032916694e-06	0.0008774737963345165	1.0,1.0,1.0	0.231,1.0,0.4	0.456
3972	"NCOA4"	"NCOA4"	chr10	-	46014443	46014930	46014443	46014552	46014853	46014930	3972	36,192,236	673,1569,1761	125,157,123	4487,1513,1288	138	69	1.23386739947e-06	0.0004325476402267018	0.026,0.058,0.063	0.014,0.049,0.046	0.013
4	"MLC1"	"MLC1"	chr22	-	50084725	50085426	50084725	50084961	50085354	50085426	4	6,5,28	19,30,171	11,0,7	146,46,58	138	69	0.00182325134149	0.046409680146349996	0.136,0.077,0.076	0.036,0.0,0.057	0.065
4015	"ACP1"	"ACP1"	chr2	+	271865	272146	271865	271939	272036	272146	4015	0,69,70	75,314,284	29,69,31	694,413,175	138	69	0.00106436293417	0.034649254198605456	0.0,0.099,0.11	0.02,0.077,0.081	0.01
4066	"RASGRP2"	"RASGRP2"	chr11	-	64739359	64739803	64739359	64739476	64739635	64739803	4066	20,60,68	66,323,366	27,55,48	699,318,219	138	69	0.000340875943027	0.01593310970365369	0.132,0.085,0.085	0.019,0.08,0.099	0.035
4082	"LINC01089"	"LINC01089"	chr12	-	121795266	121796242	121795266	121795533	121796190	121796242	4082	25,112,82	0,0,1	141,129,77	2,11,0	138	69	0.000573822152292	0.023791075456075766	1.0,1.0,0.976	0.972,0.854,1.0	0.05
4145	"ADCY3"	"ADCY3"	chr2	-	24827545	24828023	24827545	24827608	24827901	24828023	4145	2,17,15	23,41,90	2,2,18	157,47,121	138	69	0.000163103868804	0.010053292309028967	0.042,0.172,0.077	0.006,0.021,0.069	0.065
4185	"IDS"	"IDS"	chrX	-	149504156	149504509	149504156	149504293	149504397	149504509	4185	11,19,24	0,0,0	8,16,54	8,1,1	138	69	0.000126721927544	0.00866197346259625	1.0,1.0,1.0	0.333,0.889,0.964	0.271
4194	"BSG"	"BSG"	chr19	+	580312	580782	580312	580461	580645	580782	4194	3,79,83	67,450,600	20,40,125	735,342,872	138	69	0.00188358019929	0.046409680146349996	0.022,0.081,0.065	0.013,0.055,0.067	0.011
4195	"BSG"	"BSG"	chr19	+	582305	582613	582305	582330	582513	582613	4195	0,31,48	52,233,381	22,14,47	565,173,625	138	69	0.000859159517074	0.03129237487836407	0.0,0.062,0.059	0.019,0.039,0.036	0.009
42	"RHBDF2"	"RHBDF2"	chr17	-	76487711	76488132	76487711	76487851	76487973	76488132	42	2,4,24	0,9,2	22,24,8	0,2,0	138	69	0.00188329546553	0.046409680146349996	1.0,0.182,0.857	1.0,0.857,1.0	-0.273
4240	"CSNK1G2"	"CSNK1G2"	chr19	+	1979318	1979618	1979318	1979403	1979494	1979618	4240	3,5,9	22,36,60	3,1,1	83,37,61	138	69	0.000185230746539	0.010983352656261833	0.064,0.065,0.07	0.018,0.013,0.008	0.053
4293	"JMJD1C"	"JMJD1C"	chr10	-	63215262	63215617	63215262	63215455	63215548	63215617	4293	2,5,9	1,1,0	18,1,0	6,6,3	138	69	2.67763918704e-05	0.003261176203234954	0.5,0.714,1.0	0.6,0.077,0.0	0.512
430	"RAB24"	"RAB24"	chr5	-	177303171	177303744	177303171	177303320	177303406	177303744	430	8,21,28	6,1,4	10,18,22	0,0,0	138	69	1.73795260627e-06	0.0005734221275628488	0.4,0.913,0.778	1.0,1.0,1.0	-0.303
4311	"MAN2B1"	"MAN2B1"	chr19	-	12658062	12658513	12658062	12658141	12658223	12658513	4311	0,0,2	21,68,51	17,2,1	112,22,89	138	69	0.000722086435366	0.028522414196957002	0.0,0.0,0.019	0.071,0.043,0.006	-0.034
4354	"MADD"	"MADD"	chr11	+	47295495	47295765	47295495	47295579	47295717	47295765	4354	6,9,5	0,0,0	15,2,4	8,1,1	138	69	7.81365294689e-09	8.765355875821201e-06	1.0,1.0,1.0	0.484,0.5,0.667	0.45
4362	"CCDC14"	"CCDC14"	chr3	-	123956045	123956392	123956045	123956115	123956354	123956392	4362	1,1,1	15,10,9	16,5,1	37,30,11	138	69	0.00200217826642	0.048313875431448064	0.032,0.048,0.053	0.178,0.077,0.043	-0.055
4375	"AGL"	"AGL"	chr1	+	99875157	99875455	99875157	99875256	99875357	99875455	4375	0,1,0	4,19,23	13,1,2	31,16,20	138	69	5.78848962004e-05	0.004919339133152176	0.0,0.026,0.0	0.173,0.03,0.048	-0.075
4390	"PHF14"	"PHF14"	chr7	+	11061798	11062085	11061798	11061851	11061963	11062085	4390	12,4,7	0,0,0	0,18,0	15,6,2	138	69	6.02407013162e-13	3.378900936825658e-09	1.0,1.0,1.0	0.0,0.6,0.0	0.8
4401	"TECPR2"	"TECPR2"	chr14	+	102497468	102497719	102497468	102497482	102497569	102497719	4401	16,132,205	0,0,3	166,218,202	18,4,1	138	69	0.000218787164054	0.012019648498048848	1.0,1.0,0.972	0.822,0.965,0.99	0.065
4419	"TLK1"	"TLK1"	chr2	-	171049812	171050174	171049812	171049948	171050063	171050174	4419	33,60,64	0,0,0	284,138,21	8,9,0	138	69	0.00010411620067	0.007447832994602	1.0,1.0,1.0	0.947,0.885,1.0	0.056
4442	"USP4"	"USP4"	chr3	-	49311280	49311654	49311280	49311358	49311513	49311654	4442	1,9,12	0,0,2	0,17,5	10,3,0	138	69	0.00107719533613	0.034649254198605456	1.0,1.0,0.75	0.0,0.739,1.0	0.337
4446	"SLC37A1"	"SLC37A1"	chr21	+	42566984	42567420	42566984	42567058	42567331	42567420	4446	1,20,15	0,0,0	15,13,8	12,0,0	138	69	0.00165010937774	0.04492943446477505	1.0,1.0,1.0	0.385,1.0,1.0	0.205
4482	"ACSS2"	"ACSS2"	chr20	+	34921543	34921992	34921543	34921600	34921785	34921992	4482	0,2,0	18,26,49	3,7,3	20,49,26	138	69	0.000865364634416	0.031308523474482625	0.0,0.037,0.0	0.07,0.067,0.055	-0.052
4509	"ANAPC5"	"ANAPC5"	chr12	-	121331226	121331428	121331226	121331261	121331346	121331428	4509	10,15,29	0,0,0	37,15,24	6,3,2	138	69	1.99847781501e-06	0.0005899716875995311	1.0,1.0,1.0	0.755,0.714,0.857	0.225
4516	"SIN3A"	"SIN3A"	chr15	-	75409835	75410282	75409835	75409991	75410133	75410282	4516	13,15,19	27,65,80	4,39,10	250,142,62	138	69	0.00119712339525	0.03629548715652568	0.194,0.103,0.106	0.008,0.121,0.075	0.066
4533	"ESAM"	"ESAM"	chr11	-	124758348	124758745	124758348	124758527	124758605	124758745	4533	10,25,25	0,1,0	60,37,38	10,0,2	138	69	0.000323344352422	0.015501183527649554	1.0,0.926,1.0	0.75,1.0,0.905	0.09
4561	"ODC1"	"ODC1"	chr2	-	10443488	10443836	10443488	10443571	10443701	10443836	4561	26,303,298	328,1434,1569	169,200,361	2900,1968,1821	138	69	5.52933502129e-06	0.0010338013378138537	0.038,0.096,0.087	0.028,0.048,0.09	0.018
4562	"ODC1"	"ODC1"	chr2	-	10444095	10444547	10444095	10444267	10444473	10444547	4562	18,261,414	1012,1855,3169	180,279,300	7580,2826,2681	138	69	2.90570113703e-05	0.003261176203234954	0.009,0.066,0.061	0.012,0.047,0.053	0.008
4599	"ALG13"	"ALG13"	chrX	+	111727355	111727770	111727355	111727445	111727613	111727770	4599	3,3,2	3,4,2	0,0,1	9,2,10	138	69	2.92948506646e-05	0.003261176203234954	0.333,0.273,0.333	0.0,0.0,0.048	0.297
4626	"INTS6"	"INTS6"	chr13	-	51383328	51383613	51383328	51383461	51383588	51383613	4626	6,5,9	36,38,55	0,10,2	169,74,40	138	69	0.000906503758088	0.031581239621835976	0.077,0.062,0.076	0.0,0.063,0.024	0.043
4661	"NDUFAF3"	"NDUFAF3"	chr3	+	49022701	49022958	49022701	49022768	49022877	49022958	4661	4,1,4	48,131,202	42,6,8	200,81,240	138	69	6.64367550196e-07	0.00033876705354994217	0.04,0.004,0.01	0.095,0.036,0.016	-0.031
4685	"CHD4"	"CHD4"	chr12	-	6583026	6583375	6583026	6583113	6583197	6583375	4685	3,30,15	8,67,72	9,1,2	109,61,43	138	69	1.07564518403e-08	1.0055489728707117e-05	0.158,0.183,0.094	0.04,0.008,0.023	0.121
4705	"SHARPIN"	"SHARPIN"	chr8	-	144099702	144100008	144099702	144099844	144099928	144100008	4705	0,1,4	26,56,140	7,5,19	260,53,120	138	69	0.001069955416	0.034649254198605456	0.0,0.009,0.014	0.013,0.045,0.073	-0.036
4708	"HNRNPA2B1"	"HNRNPA2B1"	chr7	-	26196400	26196653	26196400	26196481	26196556	26196653	4708	9,197,161	64,591,547	50,193,204	762,709,850	138	69	0.000166532021132	0.010153022897058566	0.066,0.143,0.128	0.032,0.12,0.107	0.026
4725	"SEPT5-GP1BB"	"SEPT5-GP1BB"	chr22	+	19719442	19719892	19719442	19719698	19719805	19719892	4725	46,116,146	437,1496,2290	203,67,183	4275,1338,3608	138	69	0.000253482906631	0.013164681697159992	0.05,0.037,0.031	0.023,0.024,0.025	0.015
4739	"RNF214"	"RNF214"	chr11	+	117238600	117239111	117238600	117238646	117238905	117239111	4739	3,14,9	0,0,0	19,21,2	4,2,0	138	69	0.00145525944577	0.04178710767921667	1.0,1.0,1.0	0.704,0.84,1.0	0.152
4744	"HDAC5"	"HDAC5"	chr17	-	44080400	44080881	44080400	44080498	44080762	44080881	4744	0,23,30	22,214,255	7,8,30	426,196,260	138	69	0.00178222680672	0.046280139624502226	0.0,0.051,0.056	0.008,0.02,0.055	0.008
4759	"CD40"	"CD40"	chr20	+	46121819	46122243	46121819	46121898	46122232	46122243	4759	1,8,31	12,21,99	6,6,7	226,25,23	138	69	5.59639498211e-05	0.004829258377639228	0.04,0.16,0.135	0.013,0.107,0.132	0.028
4807	"LGALSL"	"LGALSL"	chr2	+	64455343	64455631	64455343	64455415	64455588	64455631	4807	18,193,225	488,1658,1791	157,358,196	4741,3055,2164	138	69	0.00146804623071	0.04178710767921667	0.018,0.055,0.059	0.016,0.055,0.043	0.006
481	"TMEM120A"	"TMEM120A"	chr7	-	75988082	75988341	75988082	75988148	75988251	75988341	481	6,3,1	0,0,0	0,1,0	1,3,1	138	69	5.91615645362e-12	1.659186077417729e-08	1.0,1.0,1.0	0.0,0.143,0.0	0.952
4836	"KCTD20"	"KCTD20"	chr6	+	36479120	36479606	36479120	36479223	36479590	36479606	4836	16,110,95	168,671,983	71,59,91	2008,787,522	138	69	0.000252837318904	0.013164681697159992	0.045,0.076,0.046	0.017,0.036,0.08	0.011
4874	"MAN2A2"	"MAN2A2"	chr15	+	90912523	90912991	90912523	90912664	90912876	90912991	4874	2,40,14	33,202,281	5,16,25	370,202,389	138	69	0.000349909874803	0.016220202378264686	0.029,0.09,0.024	0.007,0.038,0.031	0.022
4895	"ZNF185"	"ZNF185"	chrX	+	152920300	152920748	152920300	152920492	152920706	152920748	4895	3,79,130	21,115,168	70,98,135	53,72,107	138	69	0.000573101115585	0.023791075456075766	0.067,0.256,0.279	0.398,0.405,0.387	-0.196
4917	"CERS2"	"CERS2"	chr1	-	150967073	150967416	150967073	150967202	150967391	150967416	4917	7,58,107	348,736,1123	51,104,47	2726,1066,1018	138	69	0.000464330094088	0.020347089826090563	0.01,0.038,0.045	0.009,0.047,0.023	0.005
4925	"ARHGAP45"	"ARHGAP45"	chr19	+	1073265	1073746	1073265	1073590	1073673	1073746	4925	1,62,95	86,522,908	31,40,40	1113,499,789	138	69	1.06422202939e-06	0.00039794809085656735	0.006,0.056,0.05	0.014,0.039,0.025	0.011
4938	"COPS6"	"COPS6"	chr7	+	100089289	100089744	100089289	100089415	100089614	100089744	4938	0,2,1	13,40,24	0,12,2	28,27,21	138	69	0.00117158930439	0.03609078488627103	0.0,0.024,0.02	0.0,0.182,0.045	-0.061
4953	"EPOR"	"EPOR"	chr19	-	11382846	11383232	11382846	11383025	11383096	11383232	4953	4,34,16	0,0,0	15,8,49	4,0,4	138	69	0.000109541760172	0.007680246660059351	1.0,1.0,1.0	0.652,1.0,0.86	0.163
5045	"ZMYM2"	"ZMYM2"	chr13	+	20059446	20059804	20059446	20059562	20059729	20059804	5045	9,21,30	0,1,1	44,62,14	4,8,2	138	69	0.000455414427625	0.020113539563375	1.0,0.913,0.938	0.846,0.795,0.778	0.144
5058	"GET1"	"GET1"	chr21	+	39390697	39391476	39390697	39390863	39391226	39391476	5058	37,65,49	8,2,1	313,53,197	1,2,1	138	69	7.51038816049e-05	0.0059332066467871	0.698,0.942,0.961	0.994,0.93,0.99	-0.104
5104	"RBM39"	"RBM39"	chr20	-	35740524	35740879	35740524	35740597	35740823	35740879	5104	0,5,31	30,58,61	8,6,4	144,90,50	138	69	0.0011390674285	0.03595409244760934	0.0,0.041,0.203	0.027,0.032,0.038	0.049
5140	"MIF4GD"	"MIF4GD"	chr17	-	75267537	75267897	75267537	75267630	75267745	75267897	5140	9,18,11	20,108,142	11,1,15	297,110,136	138	69	0.000209152085752	0.01173134048982968	0.184,0.077,0.037	0.018,0.005,0.052	0.074
5189	"FAM177A1"	"FAM177A1"	chr14	+	35046504	35046954	35046504	35046628	35046786	35046954	5189	5,14,26	0,1,0	10,15,14	6,0,1	138	69	0.00164962389676	0.04492943446477505	1.0,0.875,1.0	0.455,1.0,0.875	0.182
5199	"MAPKAPK2"	"MAPKAPK2"	chr1	+	206731838	206732259	206731838	206731919	206732205	206732259	5199	3,48,104	0,3,3	54,24,68	8,7,7	138	69	0.000579283952059	0.023791075456075766	1.0,0.889,0.945	0.771,0.632,0.829	0.201
5203	"POLG"	"POLG"	chr15	-	89318930	89319262	89318930	89319099	89319227	89319262	5203	0,5,6	3,15,8	0,0,0	35,1,15	138	69	6.50070710784e-06	0.0010724254755257224	0.0,0.143,0.273	0.0,0.0,0.0	0.139
5224	"PTPRJ"	"PTPRJ"	chr11	+	48155794	48156119	48155794	48155874	48155984	48156119	5224	32,168,290	533,1481,2197	125,299,123	4702,2155,1064	138	69	0.00117916387371	0.03609078488627103	0.029,0.054,0.062	0.013,0.065,0.055	0.004
5327	"PTBP1"	"PTBP1"	chr19	+	804540	804939	804540	804702	804828	804939	5327	2,21,32	52,294,296	18,8,14	444,272,268	138	69	0.00144352957642	0.04178710767921667	0.019,0.034,0.051	0.02,0.014,0.025	0.015
5338	"STXBP2"	"STXBP2"	chr19	+	7642657	7643048	7642657	7642823	7642982	7643048	5338	20,246,262	257,1193,1407	107,282,263	2485,1534,1595	138	69	0.000201490743263	0.011532261009818032	0.037,0.093,0.085	0.021,0.084,0.076	0.011
5353	"SMAD2"	"SMAD2"	chr18	-	47868009	47868457	47868009	47868097	47868322	47868457	5353	2,110,124	0,4,1	23,175,79	43,13,1	138	69	0.00186818432679	0.046409680146349996	1.0,0.932,0.984	0.211,0.871,0.975	0.286
5363	"VPS41"	"VPS41"	chr7	-	38728340	38728791	38728340	38728586	38728691	38728791	5363	0,25,15	52,163,255	8,2,27	493,202,287	138	69	0.00199706935291	0.048313875431448064	0.0,0.071,0.029	0.008,0.005,0.045	0.014
5383	"USF2"	"USF2"	chr19	+	35278697	35279070	35278697	35278792	35278945	35279070	5383	16,305,225	600,2981,2256	80,204,189	4693,2507,1635	138	69	0.000383309720564	0.017338582440673194	0.013,0.049,0.047	0.008,0.039,0.055	0.002
5417	"GLYR1"	"GLYR1"	chr16	-	4821379	4821579	4821379	4821453	4821546	4821579	5417	6,24,31	62,178,259	11,17,18	385,137,309	138	69	0.000524945781234	0.02247649532016417	0.046,0.063,0.056	0.014,0.058,0.028	0.022
5435	"HDAC10"	"HDAC10"	chr22	-	50248697	50249168	50248697	50248890	50249102	50249168	5435	0,3,17	4,25,55	0,1,6	72,10,41	138	69	0.00100926305984	0.03329974413319153	0.0,0.057,0.134	0.0,0.048,0.068	0.025
5461	"MTA1"	"MTA1"	chr14	+	105449858	105450324	105449858	105450184	105450260	105450324	5461	0,4,13	8,11,27	0,1,4	18,6,44	138	69	0.00100704195305	0.03329974413319153	0.0,0.154,0.194	0.0,0.077,0.043	0.076
5494	"PPP4R3B"	"PPP4R3B"	chr2	-	55564901	55565211	55564901	55565041	55565155	55565211	5494	9,8,8	0,1,1	15,16,12	4,6,0	138	69	0.00204545642223	0.04902976526618833	1.0,0.8,0.8	0.652,0.571,1.0	0.126
5499	"ACSBG1"	"ACSBG1"	chr15	-	78173592	78174024	78173592	78173839	78173915	78174024	5499	19,26,24	0,1,2	72,16,28	12,2,2	138	69	0.00198464192782	0.048313875431448064	1.0,0.929,0.857	0.75,0.8,0.875	0.12
5505	"POLR2G"	"POLR2G"	chr11	+	62762541	62763026	62762541	62762742	62762866	62763026	5505	1,12,30	0,0,0	43,37,10	10,4,1	138	69	5.59754303464e-07	0.00031396618881295756	1.0,1.0,1.0	0.683,0.822,0.833	0.221
5521	"SBF1"	"SBF1"	chr22	-	50467337	50467611	50467337	50467448	50467531	50467611	5521	0,4,9	1,8,16	0,3,2	24,6,29	138	69	0.00149081906939	0.04178710767921667	0.0,0.2,0.22	0.0,0.2,0.033	0.062
5580	"SLC44A2"	"SLC44A2"	chr19	+	10634973	10635253	10634973	10635073	10635162	10635253	5580	29,203,269	386,1065,1685	244,215,160	3463,1590,1118	138	69	0.0018865050942	0.046409680146349996	0.036,0.087,0.074	0.034,0.063,0.067	0.011
5638	"PRKCD"	"PRKCD"	chr3	+	53185603	53186000	53185603	53185700	53185926	53186000	5638	0,120,101	103,858,627	53,71,61	885,873,584	138	69	0.000249742036111	0.013164681697159992	0.0,0.065,0.075	0.029,0.039,0.05	0.007
5670	"ANKRD9"	"ANKRD9"	chr14	-	102508474	102508813	102508474	102508549	102508640	102508813	5670	3,61,89	11,281,625	8,36,91	503,317,470	138	69	0.000919700035839	0.03170337038440465	0.12,0.098,0.066	0.008,0.054,0.088	0.045
5688	"MYL9"	"MYL9"	chr20	+	36544582	36545068	36544582	36544670	36544858	36545068	5688	7,105,221	0,3,4	111,105,156	23,3,8	138	69	0.000215372731915	0.011960650032784506	1.0,0.946,0.965	0.707,0.946,0.907	0.117
5719	"ZMYM6"	"ZMYM6"	chr1	-	35012430	35012739	35012430	35012581	35012667	35012739	5719	2,6,7	0,0,0	0,2,4	9,1,0	138	69	2.38665249777e-05	0.003042439513634529	1.0,1.0,1.0	0.0,0.5,1.0	0.5
5746	"EVL"	"EVL"	chr14	+	100140854	100141246	100140854	100140865	100141179	100141246	5746	10,113,142	2,4,4	111,350,97	34,28,9	138	69	0.00130159668099	0.038424504124594264	0.714,0.934,0.947	0.62,0.862,0.843	0.09
5778	"PTTG1IP"	"PTTG1IP"	chr21	-	44865394	44865650	44865394	44865447	44865570	44865650	5778	4,15,19	0,0,6	33,21,18	36,13,10	138	69	0.000328061638917	0.01559404858208011	1.0,1.0,0.613	0.314,0.447,0.474	0.459
5821	"MINDY1"	"MINDY1"	chr1	-	151000937	151001314	151000937	151001128	151001249	151001314	5821	13,21,44	0,0,0	14,49,27	20,3,4	138	69	1.6215793075e-07	0.00012993483336810714	1.0,1.0,1.0	0.259,0.891,0.771	0.36
5825	"MINDY1"	"MINDY1"	chr1	-	151002164	151002706	151002164	151002323	151002583	151002706	5825	269,806,942	0,13,22	2000,992,1085	70,55,17	138	69	0.000176757465749	0.010660565864367108	1.0,0.969,0.955	0.935,0.9,0.97	0.04
5828	"DLST"	"DLST"	chr14	+	74889094	74889316	74889094	74889147	74889274	74889316	5828	4,13,17	38,97,110	3,7,6	252,185,61	138	69	3.0253531782e-06	0.000737791564196687	0.05,0.063,0.072	0.006,0.019,0.047	0.038
5838	"MAVS"	"MAVS"	chr20	+	3854557	3855033	3854557	3854741	3854935	3855033	5838	1,4,17	0,1,0	21,14,8	9,0,0	138	69	0.00196362139121	0.048095861935794286	1.0,0.667,1.0	0.538,1.0,1.0	0.043
5867	"CENPT"	"CENPT"	chr16	-	67830389	67830888	67830389	67830548	67830825	67830888	5867	1,17,42	0,0,1	43,20,40	10,1,0	138	69	0.000303705805559	0.014812920551134184	1.0,1.0,0.955	0.683,0.909,1.0	0.121
589	"CTNS"	"CTNS"	chr17	+	3660235	3663103	3660235	3660350	3660616	3663103	589	12,102,141	14,2,2	257,84,67	0,4,0	138	69	0.00149745206695	0.04178710767921667	0.3,0.962,0.972	1.0,0.913,1.0	-0.226
5904	"DNAJB2"	"DNAJB2"	chr2	+	219282836	219283231	219282836	219282929	219283132	219283231	5904	12,35,74	60,215,275	15,63,36	519,359,269	138	69	4.5575329477e-06	0.0008814897346085966	0.091,0.075,0.119	0.014,0.081,0.063	0.042
5907	"DNAJB2"	"DNAJB2"	chr2	+	219283160	219283489	219283160	219283235	219283418	219283489	5907	4,30,26	33,206,323	10,18,20	427,328,205	138	69	0.000680990682847	0.027089905958076758	0.057,0.068,0.039	0.012,0.027,0.047	0.026
5949	"TRIM58"	"TRIM58"	chr1	+	247867844	247868066	247867844	247867867	247867962	247868066	5949	14,595,496	447,4490,3647	238,235,529	4552,2584,4688	138	69	0.00073020069645	0.028641228716000347	0.015,0.062,0.064	0.025,0.043,0.053	0.007
5952	"DAB2"	"DAB2"	chr5	-	39388798	39389119	39388798	39388852	39389096	39389119	5952	5,80,86	434,1221,1285	49,131,20	2710,2886,577	138	69	8.46690907388e-05	0.006505601780190812	0.006,0.032,0.032	0.009,0.022,0.017	0.007
5971	"MTMR12"	"MTMR12"	chr5	-	32247731	32248126	32247731	32247818	32248001	32248126	5971	2,8,31	1,0,1	4,22,16	8,1,5	138	69	0.000440627156324	0.01969001248396412	0.5,1.0,0.939	0.2,0.917,0.615	0.236
5974	"STK16"	"STK16"	chr2	+	219247095	219247535	219247095	219247246	219247414	219247535	5974	0,0,2	13,33,36	0,10,2	23,36,27	138	69	0.00171615258124	0.045837618229405526	0.0,0.0,0.027	0.0,0.122,0.036	-0.044
598	"HMGN3"	"HMGN3"	chr6	-	79201244	79202389	79201244	79201726	79202275	79202389	598	10,15,20	15,18,23	17,9,6	51,39,15	138	69	0.000883788928799	0.031312790278150184	0.25,0.294,0.303	0.143,0.103,0.167	0.145
5991	"UBL5"	"UBL5"	chr19	+	9828326	9828679	9828326	9828393	9828584	9828679	5991	29,121,53	4,2,3	101,53,63	10,18,8	138	69	0.000831683675718	0.030690221954620147	0.784,0.968,0.898	0.835,0.596,0.797	0.141
6022	"CRBN"	"CRBN"	chr3	-	3155809	3156281	3155809	3155969	3156218	3156281	6022	16,33,41	0,2,2	48,59,24	29,12,5	138	69	3.7814526207e-06	0.0007855617685002333	1.0,0.892,0.911	0.453,0.711,0.706	0.311
6033	"SMTN"	"SMTN"	chr22	+	31088453	31088777	31088453	31088606	31088698	31088777	6033	0,2,2	4,53,59	24,0,9	179,45,112	138	69	0.00185506268816	0.046409680146349996	0.0,0.019,0.017	0.063,0.0,0.039	-0.022
6062	"PDLIM7"	"PDLIM7"	chr5	-	177490587	177490906	177490587	177490593	177490869	177490906	6062	0,11,16	19,46,68	23,26,33	41,35,105	138	69	0.000921313847862	0.03170337038440465	0.0,0.107,0.105	0.219,0.271,0.136	-0.138
6076	"MINK1"	"MINK1"	chr17	+	4893954	4894311	4893954	4894093	4894173	4894311	6076	0,72,50	94,410,477	3,30,77	538,384,628	138	69	0.000808180406899	0.03006920728753387	0.0,0.081,0.05	0.003,0.038,0.058	0.011
6077	"MINK1"	"MINK1"	chr17	+	4895080	4895493	4895080	4895242	4895349	4895493	6077	9,89,106	103,417,637	38,61,89	768,636,609	138	69	9.27505221049e-06	0.00131011646275093	0.042,0.096,0.077	0.024,0.046,0.068	0.026
6108	"TREML1"	"TREML1"	chr6	-	41153907	41154349	41153907	41154090	41154245	41154349	6108	25,310,398	691,3101,3262	153,219,465	6327,2032,4821	138	69	0.000361748020635	0.016631513506079634	0.018,0.048,0.057	0.012,0.051,0.046	0.005
6126	"ARHGEF18"	"ARHGEF18"	chr19	+	7382767	7383203	7382767	7382894	7383061	7383203	6126	2,1,6	2,12,16	0,0,0	8,6,7	138	69	0.000311380882766	0.015056339408918052	0.333,0.04,0.158	0.0,0.0,0.0	0.177
6129	"HHEX"	"HHEX"	chr10	+	92692399	92692752	92692399	92692546	92692701	92692752	6129	0,8,10	39,82,103	3,4,3	215,167,111	138	69	0.00118393731843	0.03609078488627103	0.0,0.047,0.046	0.007,0.012,0.013	0.02
6199	"ST3GAL4"	"ST3GAL4"	chr11	+	126407233	126407634	126407233	126407349	126407573	126407634	6199	0,7,18	4,62,135	4,5,2	167,66,37	138	69	0.00171265844446	0.045837618229405526	0.0,0.053,0.062	0.012,0.036,0.026	0.014
6217	"PTPRS"	"PTPRS"	chr19	-	5215288	5215562	5215288	5215412	5215497	5215562	6217	0,13,32	25,72,252	7,6,11	302,95,173	138	69	5.00794946099e-05	0.004681598087782152	0.0,0.083,0.06	0.011,0.031,0.031	0.023
6282	"CCNC"	"CCNC"	chr6	-	99550217	99550582	99550217	99550309	99550517	99550582	6282	0,2,3	3,3,0	4,2,2	1,0,0	138	69	1.80565663984e-05	0.0024702263641128196	0.0,0.25,1.0	0.667,1.0,1.0	-0.472
6327	"KLHDC3"	"KLHDC3"	chr6	+	43018632	43018940	43018632	43018719	43018862	43018940	6327	0,0,4	16,71,84	14,5,2	96,40,85	138	69	0.000851145560736	0.031203107517439373	0.0,0.0,0.023	0.068,0.059,0.012	-0.039
6364	"MAP4K2"	"MAP4K2"	chr11	-	64796808	64797048	64796808	64796893	64796981	64797048	6364	0,43,29	57,277,362	15,27,35	841,275,454	138	69	0.000552428569233	0.02347402912748407	0.0,0.072,0.039	0.009,0.047,0.037	0.006
6373	"MAP4K2"	"MAP4K2"	chr11	-	64802065	64802455	64802065	64802121	64802418	64802455	6373	6,37,47	31,298,247	37,21,45	505,185,508	138	69	0.00116022298681	0.03595409244760934	0.088,0.058,0.087	0.035,0.054,0.042	0.034
6389	"UCK1"	"UCK1"	chr9	-	131529127	131529581	131529127	131529270	131529487	131529581	6389	0,8,6	2,33,26	0,0,0	19,40,35	138	69	3.61515763903e-06	0.0007799007383584335	0.0,0.108,0.103	0.0,0.0,0.0	0.07
6398	"SF3A2"	"SF3A2"	chr19	+	2247301	2247662	2247301	2247422	2247593	2247662	6398	7,10,9	0,2,0	7,5,4	8,1,6	138	69	9.11739158538e-06	0.00131011646275093	1.0,0.714,1.0	0.304,0.714,0.25	0.482
6412	"DDX17"	"DDX17"	chr22	-	38493760	38494131	38493760	38493771	38494020	38494131	6412	9,46,48	82,505,422	24,18,21	572,348,479	138	69	8.52657002126e-06	0.0012925819256553335	0.052,0.044,0.054	0.021,0.025,0.021	0.028
6450	"KAT2B"	"KAT2B"	chr3	+	20147925	20148306	20147925	20147999	20148242	20148306	6450	9,17,21	53,90,125	11,13,13	271,175,87	138	69	0.000275697165951	0.014058049125628717	0.078,0.086,0.077	0.02,0.036,0.07	0.038
6453	"KAT2B"	"KAT2B"	chr3	+	20148242	20148476	20148242	20148306	20148404	20148476	6453	3,7,17	0,0,1	23,2,9	4,0,2	138	69	0.00148072711453	0.04178710767921667	1.0,1.0,0.895	0.742,1.0,0.692	0.154
6487	"SRPRA"	"SRPRA"	chr11	-	126266468	126266922	126266468	126266629	126266762	126266922	6487	6,46,48	65,395,348	7,25,48	548,230,551	138	69	8.93855965434e-05	0.006684850813492408	0.044,0.055,0.065	0.006,0.052,0.042	0.021
6573	"ITGA2B"	"ITGA2B"	chr17	-	44375590	44375922	44375590	44375716	44375832	44375922	6573	57,695,1216	641,4089,6771	524,370,1116	7030,2900,7335	138	69	0.000887633028031	0.031312790278150184	0.043,0.078,0.082	0.036,0.06,0.071	0.012
6603	"TMEM131L"	"TMEM131L"	chr4	+	153583225	153583672	153583225	153583248	153583563	153583672	6603	0,0,2	6,18,23	6,7,0	28,34,6	138	69	0.000901529417575	0.031581239621835976	0.0,0.0,0.042	0.097,0.093,0.0	-0.049
6604	"YEATS2"	"YEATS2"	chr3	+	183754125	183754618	183754125	183754365	183754461	183754618	6604	4,1,6	0,0,0	26,9,1	7,0,0	138	69	0.00074273893428	0.028930713072059164	1.0,1.0,1.0	0.65,1.0,1.0	0.117
6622	"CAPNS1"	"CAPNS1"	chr19	+	36142908	36143183	36142908	36142966	36143063	36143183	6622	9,100,176	425,977,1271	56,94,184	3038,730,1670	138	69	0.00209501650445	0.04958205727198333	0.01,0.049,0.065	0.009,0.06,0.052	0.001
6626	"TRIM33"	"TRIM33"	chr1	-	114463103	114463575	114463103	114463236	114463411	114463575	6626	13,17,32	153,167,245	4,22,14	427,502,98	138	69	7.18736563832e-06	0.0011198314962593578	0.041,0.048,0.061	0.005,0.021,0.067	0.019
6682	"AMPD2"	"AMPD2"	chr1	+	109627412	109627903	109627412	109627518	109627773	109627903	6682	2,6,4	19,89,79	32,14,3	159,78,68	138	69	0.00162200281838	0.04459712651124226	0.05,0.033,0.025	0.091,0.082,0.022	-0.029
6691	"SAT1"	"SAT1"	chrX	+	23783643	23783883	23783643	23783709	23783799	23783883	6691	38,77,132	1043,2863,4521	141,125,50	7031,6846,2755	138	69	0.00101788076137	0.03338767947675046	0.018,0.013,0.014	0.01,0.009,0.009	0.006
6700	"RAB1B"	"RAB1B"	chr11	+	66272156	66272448	66272156	66272252	66272364	66272448	6700	21,119,254	129,629,1293	215,113,204	2378,1057,1078	138	69	0.000155881730196	0.009714895829659601	0.075,0.086,0.089	0.043,0.051,0.086	0.023
6704	"TUT7"	"TUT7"	chr9	-	86309211	86309495	86309211	86309289	86309459	86309495	6704	15,6,19	0,0,0	39,27,6	9,0,0	138	69	0.000188598310882	0.011019249226428522	1.0,1.0,1.0	0.684,1.0,1.0	0.105
6728	"NBEAL2"	"NBEAL2"	chr3	+	47007073	47007350	47007073	47007155	47007240	47007350	6728	9,4,9	10,45,76	10,0,7	162,49,121	138	69	0.00151743409108	0.0419275261914666	0.31,0.043,0.056	0.03,0.0,0.028	0.117
6786	"NACA"	"NACA"	chr12	-	56714361	56714703	56714361	56714439	56714601	56714703	6786	10,11,9	123,141,169	0,11,1	343,289,64	138	69	7.69349258938e-05	0.005993444435254503	0.039,0.038,0.026	0.0,0.019,0.008	0.025
6818	"PRELID3B"	"PRELID3B"	chr20	-	59036496	59036760	59036496	59036573	59036689	59036760	6818	0,1,2	13,24,27	13,7,3	87,45,16	138	69	0.000878792076684	0.031312790278150184	0.0,0.02,0.036	0.07,0.072,0.086	-0.057
6837	"KDM5C"	"KDM5C"	chrX	-	53210413	53210781	53210413	53210576	53210675	53210781	6837	0,2,8	1,18,18	0,0,2	15,7,11	138	69	0.00186638105428	0.046409680146349996	0.0,0.053,0.182	0.0,0.0,0.083	0.051
6846	"PIH1D1"	"PIH1D1"	chr19	-	49447826	49448059	49447826	49447908	49448000	49448059	6846	1,3,12	11,50,55	1,3,3	90,74,58	138	69	0.000809493724446	0.03006920728753387	0.043,0.029,0.098	0.006,0.02,0.025	0.04
6860	"SETX"	"SETX"	chr9	-	132288235	132288639	132288235	132288351	132288549	132288639	6860	2,7,11	26,97,58	0,5,2	192,120,40	138	69	5.42201910092e-05	0.004827318275723854	0.037,0.035,0.087	0.0,0.02,0.024	0.038
6880	"UNC13D"	"UNC13D"	chr17	-	75831097	75831261	75831097	75831169	75831242	75831261	6880	5,34,71	103,408,529	29,22,77	1029,325,884	138	69	0.000485327599959	0.020940019293615622	0.024,0.04,0.063	0.014,0.033,0.042	0.013
6891	"UNC13D"	"UNC13D"	chr17	-	75836567	75836918	75836567	75836714	75836800	75836918	6891	1,14,21	0,0,0	17,6,10	7,0,0	138	69	0.00172925305093	0.045906117012830004	1.0,1.0,1.0	0.548,1.0,1.0	0.151
6913	"DMTN"	"DMTN"	chr8	+	22069880	22070330	22069880	22069937	22070181	22070330	6913	9,118,149	234,902,1503	38,156,143	3186,1518,1109	138	69	0.000128208803575	0.00866197346259625	0.019,0.061,0.047	0.006,0.049,0.061	0.004
6920	"DMTN"	"DMTN"	chr8	+	22080417	22080870	22080417	22080477	22080801	22080870	6920	25,351,287	381,2248,2346	89,172,751	3489,1781,4411	138	69	0.00037506919247	0.017103765045237643	0.032,0.072,0.058	0.013,0.046,0.078	0.008
6930	"ACRBP"	"ACRBP"	chr12	-	6638587	6639037	6638587	6638821	6638953	6639037	6930	1204,2443,3409	7,18,13	5378,5006,1338	87,66,11	138	69	4.45606045729e-07	0.0002947297223544651	0.989,0.985,0.992	0.969,0.974,0.984	0.013
6991	"CD37"	"CD37"	chr19	+	49335405	49335782	49335405	49335575	49335713	49335782	6991	27,191,199	0,5,7	198,315,183	18,15,15	138	69	0.00169508328332	0.0457102025776052	1.0,0.95,0.934	0.846,0.913,0.859	0.089
6993	"CD37"	"CD37"	chr19	+	49337924	49338285	49337924	49338029	49338155	49338285	6993	2,5,3	0,0,0	8,2,6	8,2,0	138	69	6.72276800406e-06	0.0010773715924220727	1.0,1.0,1.0	0.333,0.333,1.0	0.445
7010	"RBBP4"	"RBBP4"	chr1	+	32669323	32669563	32669323	32669357	32669485	32669563	7010	4,21,15	124,215,206	2,11,6	488,202,182	138	69	2.99462285382e-05	0.003261176203234954	0.016,0.047,0.035	0.002,0.027,0.016	0.018
7051	"L3MBTL1"	"L3MBTL1"	chr20	+	43515918	43516177	43515918	43516013	43516092	43516177	7051	2,3,11	0,0,1	1,0,4	10,1,0	138	69	2.10715364758e-05	0.0027486104207619117	1.0,1.0,0.846	0.048,0.0,1.0	0.599
7056	"GABARAP"	"GABARAP"	chr17	-	7241341	7241669	7241341	7241460	7241600	7241669	7056	4,163,84	268,623,538	35,84,122	1739,558,628	138	69	0.000754146242636	0.028972645718803588	0.007,0.116,0.072	0.01,0.07,0.089	0.009
7122	"KIF2A"	"KIF2A"	chr5	+	62361465	62361790	62361465	62361529	62361724	62361790	7122	122,774,748	1,44,31	563,673,559	106,30,41	138	69	0.00125982606928	0.037788045040596366	0.984,0.898,0.923	0.726,0.918,0.872	0.096
7123	"KIF2A"	"KIF2A"	chr5	+	62361465	62361790	62361465	62361529	62361727	62361790	7123	122,775,748	0,9,4	563,673,559	29,7,7	138	69	9.69754741564e-05	0.00715704519135852	1.0,0.977,0.989	0.907,0.98,0.976	0.034
7167	"LDLRAP1"	"LDLRAP1"	chr1	+	25565172	25565474	25565172	25565207	25565361	25565474	7167	2,25,34	0,0,0	23,30,21	10,7,3	138	69	4.83642426108e-09	6.78187592009943e-06	1.0,1.0,1.0	0.535,0.682,0.778	0.335
819	"SNHG7"	"SNHG7"	chr9	-	136724593	136725110	136724593	136724939	136725054	136725110	819	5,99,100	0,9,8	170,119,57	61,27,16	138	69	9.34295926369e-06	0.00131011646275093	1.0,0.846,0.862	0.582,0.688,0.64	0.266
83	"PHYKPL"	"PHYKPL"	chr5	-	178231668	178232822	178231668	178231866	178232491	178232822	83	2,2,9	2,3,8	0,1,0	4,0,3	138	69	0.00173760102762	0.045906117012830004	0.333,0.25,0.36	0.0,1.0,0.0	-0.019
949	"TMUB2"	"TMUB2"	chr17	+	44189021	44189588	44189021	44189299	44189423	44189588	949	6,33,18	0,1,1	39,15,35	7,0,3	138	69	0.00184941048452	0.046409680146349996	1.0,0.943,0.9	0.736,1.0,0.854	0.084
950	"TMUB2"	"TMUB2"	chr17	+	44190500	44191929	44190500	44190886	44191105	44191929	950	4,25,25	0,1,2	26,20,20	17,5,2	138	69	0.000225006791281	0.012019648498048848	1.0,0.926,0.862	0.433,0.667,0.833	0.285
97	"TMED4"	"TMED4"	chr7	-	44581722	44582231	44581722	44581823	44582046	44582231	97	5,22,21	14,78,106	5,10,16	98,91,107	138	69	0.00100049476671	0.03329974413319153	0.152,0.124,0.09	0.025,0.052,0.07	0.073
