ID	GeneID	geneSymbol	chr	strand	longExonStart_0base	longExonEnd	shortES	shortEE	flankingES	flankingEE	ID	IJC_SAMPLE_1	SJC_SAMPLE_1	IJC_SAMPLE_2	SJC_SAMPLE_2	IncFormLen	SkipFormLen	PValue	FDR	IncLevel1	IncLevel2	IncLevelDifference
103	"NXF1"	"NXF1"	chr11	-	62798538	62800486	62798538	62798575	62800376	62800486	103	12,32,109	0,3,4	34,2,16	0,0,1	1870	69	0.000323238800125	0.01390667082064504	1.0,0.282,0.501	1.0,1.0,0.371	-0.196
108	"PSMG3"	"PSMG3"	chr7	-	1569123	1570032	1569123	1569360	1570008	1570032	108	2,25,15	2,4,3	8,33,22	0,0,1	717	69	5.80665939998e-07	0.00016363166189143637	0.088,0.376,0.325	1.0,1.0,0.679	-0.63
1158	"RETREG2"	"RETREG2"	chr2	+	219182012	219185475	219182012	219182308	219182413	219185475	1158	29,339,398	2,7,7	309,241,560	20,10,33	174	69	0.000214290736357	0.010926607102352107	0.852,0.951,0.958	0.86,0.905,0.871	0.042
116	"RPL28"	"RPL28"	chr19	+	55387929	55392083	55387929	55388048	55391553	55392083	116	8,432,429	0,0,1	64,833,261	8,5,0	3574	69	7.75260980193e-05	0.005601757544061215	1.0,1.0,0.892	0.134,0.763,1.0	0.332
1174	"SLC25A39"	"SLC25A39"	chr17	-	44321057	44321558	44321057	44321231	44321433	44321558	1174	9,1,5	12,20,28	0,1,1	49,15,61	271	69	9.45958344936e-05	0.006474014393813032	0.16,0.013,0.043	0.0,0.017,0.004	0.065
1254	"SRRM1"	"SRRM1"	chr1	+	24646666	24649029	24646666	24646789	24648858	24649029	1254	10,29,59	1,14,15	12,34,15	23,25,14	2138	69	0.000178512205197	0.009813978535793553	0.244,0.063,0.113	0.017,0.042,0.033	0.109
1255	"SRRM1"	"SRRM1"	chr1	+	24647078	24649029	24647078	24647208	24648858	24649029	1255	10,9,40	2,15,12	10,14,5	86,11,7	1719	69	1.15724917427e-08	8.15282043273215e-06	0.167,0.024,0.118	0.005,0.049,0.028	0.076
1343	"CIZ1"	"CIZ1"	chr9	-	128178708	128179415	128178708	128178904	128179072	128179415	1343	13,20,37	0,0,2	69,22,32	1,5,3	237	69	0.00186711539676	0.04334669394480177	1.0,1.0,0.843	0.953,0.562,0.756	0.191
1391	"FAM177A1"	"FAM177A1"	chr14	+	35046243	35046628	35046243	35046406	35046504	35046628	1391	12,44,53	0,0,3	30,66,94	26,31,0	167	69	0.000234042980997	0.011479094849454226	1.0,1.0,0.88	0.323,0.468,1.0	0.363
1454	"NEK1"	"NEK1"	chr4	-	169612019	169612583	169612019	169612143	169612221	169612583	1454	4,2,4	0,1,3	0,3,0	3,3,4	147	69	0.000537467214497	0.019294045993026067	1.0,0.484,0.385	0.0,0.319,0.0	0.517
1526	"QKI"	"QKI"	chr6	+	163563419	163578591	163563419	163563719	163564666	163578591	1526	1,21,37	2,9,18	18,10,12	29,22,14	1016	69	0.000263567608714	0.012175959366492656	0.033,0.137,0.122	0.04,0.03,0.055	0.056
1560	"DCTN1"	"DCTN1"	chr2	-	74366243	74366620	74366243	74366375	74366458	74366620	1560	6,1,4	4,32,40	0,0,1	42,18,44	152	69	0.00172383899462	0.041342793930546046	0.405,0.014,0.043	0.0,0.0,0.01	0.151
1618	"CMTM4"	"CMTM4"	chr16	-	66614749	66622222	66614749	66617358	66622061	66622222	1618	32,165,380	0,1,0	396,163,487	4,2,0	4772	69	0.00107608198293	0.029584380759968193	1.0,0.705,1.0	0.589,0.541,1.0	0.192
1622	"UXT"	"UXT"	chrX	-	47658829	47659180	47658829	47658936	47659114	47659180	1622	9,60,59	0,8,8	49,54,28	17,27,11	247	69	0.00167468851675	0.04050877459400429	1.0,0.677,0.673	0.446,0.358,0.416	0.377
1624	"DNAJB2"	"DNAJB2"	chr2	+	219284631	219286895	219284631	219284835	219285986	219286895	1624	76,708,785	44,269,269	369,487,679	514,234,380	1220	69	2.98651625652e-09	2.80533427029112e-06	0.089,0.13,0.142	0.039,0.105,0.092	0.042
1738	"SUZ12P1"	"SUZ12P1"	chr17	+	30768833	30769064	30768833	30768867	30769000	30769064	1738	197,321,439	4,3,14	647,1096,127	85,45,6	202	69	6.96401914513e-06	0.0008722047089322817	0.944,0.973,0.915	0.722,0.893,0.878	0.113
1863	"MSL1"	"MSL1"	chr17	+	40121970	40123380	40121970	40122760	40123284	40123380	1863	24,476,317	0,0,0	281,259,234	26,0,2	593	69	4.49738268038e-06	0.000633681219665542	1.0,1.0,1.0	0.557,1.0,0.932	0.17
1864	"SNX21"	"SNX21"	chr20	+	45840638	45843276	45840638	45840780	45842032	45843276	1864	12,325,297	0,0,0	180,344,314	10,1,0	1321	69	0.000163099870845	0.009285160324064849	1.0,1.0,1.0	0.485,0.947,1.0	0.189
1867	"PSMG3-AS1"	"PSMG3-AS1"	chr7	+	1584383	1589625	1584383	1585617	1587820	1589625	1867	15,152,329	6,0,2	208,131,219	0,0,0	2272	69	4.52615893866e-05	0.003494442709354488	0.071,1.0,0.833	1.0,1.0,1.0	-0.365
1902	"H2AJ"	"H2AJ"	chr12	+	14774335	14778002	14774335	14774976	14775290	14778002	1902	46,333,263	0,10,21	320,349,276	43,42,33	383	69	0.000615687868834	0.02065486207588348	1.0,0.857,0.693	0.573,0.6,0.601	0.259
1915	"MYCL"	"MYCL"	chr1	-	39900938	39901917	39900938	39901443	39901807	39901917	1915	0,15,0	6,0,1	12,7,8	0,1,0	433	69	1.0571315221e-06	0.00020892733787753335	0.0,1.0,0.0	1.0,0.527,1.0	-0.509
2021	"AUP1"	"AUP1"	chr2	-	74528750	74529282	74528750	74528935	74529131	74529282	2021	0,9,28	1,10,14	5,1,6	48,27,8	265	69	2.5077615281e-05	0.0022083974956830623	0.0,0.19,0.342	0.026,0.01,0.163	0.111
2052	"UBA7"	"UBA7"	chr3	-	49808975	49809455	49808975	49809159	49809389	49809455	2052	6,51,67	24,105,100	56,38,41	318,109,144	299	69	9.04839424842e-06	0.0010407499996754107	0.055,0.101,0.134	0.039,0.074,0.062	0.038
2074	"SDHAF2"	"SDHAF2"	chr11	+	61438003	61438342	61438003	61438113	61438219	61438342	2074	1,9,11	1,0,0	3,6,6	4,2,1	175	69	0.000107330128542	0.006953018442100138	0.283,1.0,1.0	0.228,0.542,0.703	0.27
2075	"SDHAF2"	"SDHAF2"	chr11	+	61438003	61438342	61438003	61438113	61438244	61438342	2075	1,9,11	0,1,0	3,6,6	19,9,0	200	69	5.50471712402e-06	0.0007215019932785284	1.0,0.756,1.0	0.052,0.187,1.0	0.506
2080	"UBE2Q1"	"UBE2Q1"	chr1	-	154551920	154552301	154551920	154551979	154552092	154552301	2080	7,104,82	90,213,313	25,54,46	595,275,160	182	69	7.16548897117e-06	0.0008779281704676983	0.029,0.156,0.09	0.016,0.069,0.098	0.031
2131	"CBY1"	"CBY1"	chr22	+	38670766	38671188	38670766	38670989	38671069	38671188	2131	0,2,0	2,6,12	5,5,2	18,13,9	149	69	0.00239381609596	0.04870594771418975	0.0,0.134,0.0	0.114,0.151,0.093	-0.075
2204	"TRPC1"	"TRPC1"	chr3	+	142743111	142743586	142743111	142743320	142743484	142743586	2204	0,0,2	3,6,7	0,26,2	18,16,5	233	69	0.000611179591291	0.02062639626656333	0.0,0.0,0.078	0.0,0.325,0.106	-0.118
223	"ZNF266"	"ZNF266"	chr19	-	9418504	9419289	9418504	9418631	9419216	9419289	223	2,24,24	0,0,0	0,6,5	14,0,0	654	69	0.000124506614744	0.0077351694970777575	1.0,1.0,1.0	0.0,1.0,1.0	0.333
224	"ZNF266"	"ZNF266"	chr19	-	9418765	9419299	9418765	9418895	9419216	9419299	224	2,11,12	0,1,0	0,1,3	1,2,0	390	69	2.44287615839e-05	0.0022083974956830623	1.0,0.661,1.0	0.0,0.081,1.0	0.527
2263	"CTNNBIP1"	"CTNNBIP1"	chr1	-	9871968	9872392	9871968	9872088	9872252	9872392	2263	4,11,6	0,0,0	21,2,10	4,2,1	233	69	3.36679979718e-06	0.0004993495699185915	1.0,1.0,1.0	0.609,0.228,0.748	0.472
233	"SEC14L1"	"SEC14L1"	chr17	+	77213917	77217099	77213917	77214019	77216548	77217099	233	1704,15101,13468	0,9,4	11567,8284,13746	33,6,22	2598	69	7.32034426409e-08	3.4381216893676035e-05	1.0,0.978,0.989	0.903,0.973,0.943	0.049
235	"PRKD2"	"PRKD2"	chr19	-	46716130	46717127	46716130	46716535	46716950	46717127	235	4,31,51	4,8,2	32,47,24	0,1,0	484	69	3.50333884125e-07	0.0001316321180619	0.125,0.356,0.784	1.0,0.87,1.0	-0.535
2365	"FCHSD2"	"FCHSD2"	chr11	-	72843133	72843532	72843133	72843328	72843448	72843532	2365	0,3,9	2,4,16	0,1,0	18,9,2	189	69	4.36570083374e-05	0.0034173735970775884	0.0,0.215,0.17	0.0,0.039,0.0	0.115
2409	"MTHFD2"	"MTHFD2"	chr2	+	74205704	74206088	74205704	74205889	74205981	74206088	2409	22,37,41	0,0,1	37,28,39	8,2,1	161	69	3.56576528415e-05	0.0030449474456771815	1.0,1.0,0.946	0.665,0.857,0.944	0.16
2410	"MTHFD2"	"MTHFD2"	chr2	+	74211740	74212109	74211740	74211866	74211969	74212109	2410	3,12,19	0,6,6	12,42,8	0,0,2	172	69	0.000234225675601	0.011479094849454226	1.0,0.445,0.56	1.0,1.0,0.616	-0.204
2431	"ATP6V1E1"	"ATP6V1E1"	chr22	-	17598193	17598456	17598193	17598288	17598375	17598456	2431	5,44,39	0,2,0	54,98,28	20,9,0	156	69	0.000110652666014	0.007086800291533	1.0,0.907,1.0	0.544,0.828,1.0	0.178
2463	"CS"	"CS"	chr12	-	56274776	56275048	56274776	56274878	56275001	56275048	2463	4,6,9	2,29,20	0,4,2	56,12,29	192	69	0.000200999492143	0.010766115687427734	0.418,0.069,0.139	0.0,0.107,0.024	0.165
2527	"MAP4"	"MAP4"	chr3	-	47870857	47871286	47870857	47871105	47871226	47871286	2527	0,6,4	3,6,18	1,0,0	2,37,6	190	69	0.000486311838076	0.018165459687321615	0.0,0.266,0.075	0.154,0.0,0.0	0.062
2529	"TRIOBP"	"TRIOBP"	chr22	+	37754915	37755190	37754915	37754984	37755100	37755190	2529	3,6,8	9,19,31	0,2,4	49,12,18	185	69	0.00215917859892	0.04540720366982507	0.111,0.105,0.088	0.0,0.059,0.077	0.056
2649	"GLYATL2"	"GLYATL2"	chr11	-	58837014	58837394	58837014	58837177	58837270	58837394	2649	4,3,9	20,57,92	12,11,6	68,15,26	162	69	0.00206043918354	0.044663981686274765	0.078,0.022,0.04	0.07,0.238,0.089	-0.086
2663	"LRCH4"	"LRCH4"	chr7	-	100577821	100578316	100577821	100577912	100578158	100578316	2663	0,10,16	3,15,28	2,4,5	53,23,26	315	69	4.27239044918e-05	0.0033914355734617576	0.0,0.127,0.111	0.008,0.037,0.04	0.051
2676	"NRDC"	"NRDC"	chr1	-	51789193	51789661	51789193	51789433	51789563	51789661	2676	8,2,11	0,0,0	56,13,3	9,5,0	199	69	9.8019640471e-07	0.00020892733787753335	1.0,1.0,1.0	0.683,0.474,1.0	0.281
2688	"PIK3CD"	"PIK3CD"	chr1	+	9720433	9720909	9720433	9720661	9720744	9720909	2688	0,3,3	4,2,1	1,2,1	0,0,0	152	69	1.47210876822e-09	1.6593610035375841e-06	0.0,0.405,0.577	1.0,1.0,1.0	-0.673
2692	"DNAJC3"	"DNAJC3"	chr13	+	95759749	95760221	95759749	95759776	95760039	95760221	2692	6,8,16	2,1,2	15,64,4	0,0,0	332	69	0.000214808525306	0.010926607102352107	0.384,0.624,0.624	1.0,1.0,1.0	-0.456
2745	"YPEL3"	"YPEL3"	chr16	-	30095251	30096213	30095251	30095434	30095995	30096213	2745	3,2,1	0,1,0	6,3,8	2,2,0	630	69	0.00241437777611	0.04877216181417907	1.0,0.18,1.0	0.247,0.141,1.0	0.264
2750	"SFPQ"	"SFPQ"	chr1	-	35186946	35187251	35186946	35187122	35187202	35187251	2750	0,15,20	2,41,25	0,4,1	16,45,31	149	69	6.73178288113e-07	0.0001724560378093122	0.0,0.145,0.27	0.0,0.04,0.015	0.12
2772	"TAF6"	"TAF6"	chr7	-	100113509	100113954	100113509	100113769	100113867	100113954	2772	0,2,0	12,15,13	3,5,5	20,9,19	167	69	0.000415160014868	0.016206742994124085	0.0,0.052,0.0	0.058,0.187,0.098	-0.097
2773	"TAF11"	"TAF11"	chr6	-	34879966	34880348	34879966	34880063	34880288	34880348	2773	0,1,5	4,21,20	9,14,7	31,24,8	294	69	0.000535344872623	0.019294045993026067	0.0,0.011,0.055	0.064,0.12,0.17	-0.096
2779	"SIN3B"	"SIN3B"	chr19	+	16863273	16863796	16863273	16863362	16863679	16863796	2779	1,5,8	0,0,4	0,3,0	4,1,1	386	69	0.00210875029695	0.045046410330526365	1.0,1.0,0.263	0.0,0.349,0.0	0.638
2784	"BIN2"	"BIN2"	chr12	-	51287883	51288188	51287883	51288029	51288107	51288188	2784	20,70,84	0,0,0	72,91,69	6,5,1	147	69	3.6500273417e-05	0.0030703812086300296	1.0,1.0,1.0	0.849,0.895,0.97	0.095
2786	"BIN2"	"BIN2"	chr12	-	51302019	51302780	51302019	51302115	51302517	51302780	2786	45,264,264	38,263,169	375,298,258	586,476,257	471	69	5.6332749423e-06	0.0007215713085182454	0.148,0.128,0.186	0.086,0.084,0.128	0.055
2805	"CPNE5"	"CPNE5"	chr6	-	36740775	36742486	36740775	36741750	36742223	36742486	2805	188,722,1413	0,1,7	1557,640,1598	24,9,5	542	69	0.000504738161382	0.01857121600176657	1.0,0.989,0.963	0.892,0.901,0.976	0.061
2815	"ATF2"	"ATF2"	chr2	-	175117989	175118364	175117989	175118118	175118204	175118364	2815	6,20,12	0,1,0	11,47,13	12,2,0	155	69	0.000784352641177	0.02401821072958325	1.0,0.899,1.0	0.29,0.913,1.0	0.232
285	"SHROOM4"	"SHROOM4"	chrX	-	50591644	50596964	50591644	50592144	50595697	50596964	285	86,974,888	0,0,0	1178,759,643	6,0,2	3622	69	0.000243373008775	0.011624154893694068	1.0,1.0,1.0	0.789,1.0,0.86	0.117
286	"SLC39A13"	"SLC39A13"	chr11	+	47415287	47416500	47415287	47415496	47416324	47416500	286	7,52,48	0,0,1	59,18,34	0,1,4	897	69	0.00202275713212	0.04425633315600465	1.0,1.0,0.787	1.0,0.581,0.395	0.27
2892	"SGSM3"	"SGSM3"	chr22	+	40407200	40407593	40407200	40407328	40407412	40407593	2892	0,4,10	16,9,34	0,1,4	84,16,24	153	69	0.00057078283391	0.01998094442184323	0.0,0.167,0.117	0.0,0.027,0.07	0.062
296	"FXYD3"	"FXYD3"	chr19	+	35122764	35122954	35122764	35122839	35122917	35122954	296	4,3,2	1,13,24	0,1,0	13,16,3	147	69	0.00215662119281	0.04540720366982507	0.652,0.098,0.038	0.0,0.029,0.0	0.253
2979	"FRMD4B"	"FRMD4B"	chr3	-	69198697	69199104	69198697	69198774	69198985	69199104	2979	25,56,47	0,0,0	121,97,45	7,1,0	280	69	0.0011124416615	0.030142890404875	1.0,1.0,1.0	0.81,0.96,1.0	0.077
3068	"NCKAP1L"	"NCKAP1L"	chr12	+	54518943	54519332	54518943	54518972	54519186	54519332	3068	0,5,19	26,22,27	0,2,0	39,24,23	283	69	3.65052457985e-06	0.0005275476033855025	0.0,0.053,0.146	0.0,0.02,0.0	0.06
3110	"SNCA"	"SNCA"	chr4	-	89836460	89836789	89836460	89836529	89836742	89836789	3110	4,11,1	0,4,4	2,5,19	0,0,0	282	69	6.13556026319e-07	0.0001646667506825659	1.0,0.402,0.058	1.0,1.0,1.0	-0.513
3111	"SNCA"	"SNCA"	chr4	-	89836742	89837161	89836742	89836789	89836961	89837161	3111	8,80,44	4,5,3	44,45,146	0,0,1	241	69	1.23647037997e-06	0.00021777334567221626	0.364,0.821,0.808	1.0,1.0,0.977	-0.328
3117	"MPND"	"MPND"	chr19	+	4357339	4357585	4357339	4357421	4357514	4357585	3117	0,4,5	6,2,6	0,0,0	2,9,4	162	69	9.29699719959e-05	0.006474014393813032	0.0,0.46,0.262	0.0,0.0,0.0	0.241
3127	"LGALS12"	"LGALS12"	chr11	+	63507986	63508641	63507986	63508041	63508552	63508641	3127	19,56,50	0,1,9	24,54,51	37,39,6	580	69	0.000462018804277	0.017594175546656567	1.0,0.869,0.398	0.072,0.141,0.503	0.517
3147	"SLC18A2"	"SLC18A2"	chr10	+	117241113	117241537	117241113	117241220	117241501	117241537	3147	12,49,78	0,1,6	75,8,76	0,0,0	350	69	0.000347748205223	0.014626185706244984	1.0,0.906,0.719	1.0,1.0,1.0	-0.125
3183	"RAB10"	"RAB10"	chr2	+	26127508	26127951	26127508	26127667	26127849	26127951	3183	20,124,110	0,0,0	81,234,80	8,1,0	251	69	0.00179982347169	0.04244269910646377	1.0,1.0,1.0	0.736,0.985,1.0	0.093
319	"SAMD9L"	"SAMD9L"	chr7	-	93145384	93146040	93145384	93145532	93145908	93146040	319	1,8,24	4,2,0	5,15,4	0,0,1	445	69	0.000124893616791	0.0077351694970777575	0.037,0.383,1.0	1.0,1.0,0.383	-0.321
3197	"COPZ1"	"COPZ1"	chr12	+	54342877	54343316	54342877	54342999	54343224	54343316	3197	4,3,7	0,0,1	6,10,8	6,1,4	294	69	2.5587289978e-05	0.002218614866400123	1.0,1.0,0.622	0.19,0.701,0.319	0.471
3221	"OSGEP"	"OSGEP"	chr14	-	20448901	20449266	20448901	20449013	20449170	20449266	3221	0,6,15	2,13,20	2,0,5	63,17,41	226	69	9.34470316794e-07	0.00020892733787753335	0.0,0.124,0.186	0.01,0.0,0.036	0.088
3238	"CTSA"	"CTSA"	chr20	+	45892724	45893145	45892724	45892880	45893039	45893145	3238	44,461,999	0,1,2	242,780,560	16,8,0	228	69	2.34992785269e-05	0.0021711792422558756	1.0,0.993,0.993	0.821,0.967,1.0	0.066
33	"WIPF1"	"WIPF1"	chr2	-	174559573	174562602	174559573	174562125	174562550	174562602	33	2063,15776,15243	2,9,14	18187,10930,19547	95,17,6	494	69	0.000387882888313	0.015504311762638782	0.993,0.996,0.993	0.964,0.989,0.998	0.01
334	"CTNNB1"	"CTNNB1"	chr3	+	41239133	41240443	41239133	41239354	41239818	41240443	334	88,245,382	2,4,12	299,241,236	23,15,11	533	69	0.000690272073826	0.021964233884501094	0.851,0.888,0.805	0.627,0.675,0.735	0.169
3373	"UBR4"	"UBR4"	chr1	-	19145792	19146106	19145792	19145933	19146022	19146106	3373	0,0,4	4,1,1	5,0,4	0,2,0	158	69	0.00190265327392	0.04334669394480177	0.0,0.0,0.636	1.0,0.0,1.0	-0.455
3376	"UBR4"	"UBR4"	chr1	-	19198540	19198904	19198540	19198680	19198798	19198904	3376	12,3,14	10,53,67	2,9,1	94,57,62	187	69	0.000255652284422	0.012108035924389847	0.307,0.02,0.072	0.008,0.055,0.006	0.11
3379	"MGAT5"	"MGAT5"	chr2	+	134317528	134318006	134317528	134317605	134317895	134318006	3379	1,17,15	0,3,2	10,13,10	0,0,2	359	69	0.00220544122301	0.04597013121559277	1.0,0.521,0.59	1.0,1.0,0.49	-0.126
343	"TCF3"	"TCF3"	chr19	-	1609291	1611849	1609291	1611369	1611703	1611849	343	3,8,21	0,0,1	16,27,21	10,1,0	403	69	0.000507446285357	0.01857121600176657	1.0,1.0,0.782	0.215,0.822,1.0	0.248
3452	"PTPRA"	"PTPRA"	chr20	+	2986764	2987131	2986764	2986849	2987079	2987131	3452	0,4,12	4,0,3	15,7,3	0,0,0	299	69	5.71792568849e-07	0.00016363166189143637	0.0,1.0,0.48	1.0,1.0,1.0	-0.507
3507	"SNAP23"	"SNAP23"	chr15	+	42512954	42513209	42512954	42512996	42513173	42513209	3507	2,15,34	0,3,5	26,36,19	0,2,0	246	69	0.00037330200593	0.015458181050237137	1.0,0.584,0.656	1.0,0.835,1.0	-0.198
3534	"RBM5"	"RBM5"	chr3	+	50106766	50107087	50106766	50106864	50107017	50107087	3534	0,0,2	13,14,24	7,6,2	36,12,5	222	69	0.000201924471073	0.010766115687427734	0.0,0.0,0.025	0.057,0.135,0.111	-0.093
3659	"TRIQK"	"TRIQK"	chr8	-	92891988	92892292	92891988	92892074	92892253	92892292	3659	3,34,38	0,0,1	157,84,22	8,3,2	248	69	0.000277136790987	0.012592640139635233	1.0,1.0,0.914	0.845,0.886,0.754	0.143
3666	"RINT1"	"RINT1"	chr7	+	105548555	105548967	105548555	105548710	105548828	105548967	3666	1,1,1	3,2,0	2,2,1	0,0,0	187	69	5.14160570231e-07	0.00016098938743455089	0.11,0.156,1.0	1.0,1.0,1.0	-0.578
3704	"SUGP2"	"SUGP2"	chr19	-	18990892	18993740	18990892	18991149	18993647	18993740	3704	16,72,189	0,2,3	74,53,141	0,0,1	2567	69	0.0012076603142	0.03241130252776762	1.0,0.492,0.629	1.0,1.0,0.791	-0.223
3705	"SUGP2"	"SUGP2"	chr19	-	18990892	18993740	18990892	18991742	18993647	18993740	3705	14,51,127	2,0,3	56,49,93	0,0,1	1974	69	0.000788969399079	0.02401821072958325	0.197,1.0,0.597	1.0,1.0,0.765	-0.324
3708	"LRMP"	"LRMP"	chr12	+	25079246	25079462	25079246	25079294	25079397	25079462	3708	2,17,27	0,0,0	30,32,15	9,0,0	172	69	0.000694400559302	0.021964233884501094	1.0,1.0,1.0	0.572,1.0,1.0	0.143
3744	"ATP2A3"	"ATP2A3"	chr17	-	3927980	3928312	3927980	3928038	3928239	3928312	3744	3,9,19	0,0,2	4,7,19	1,2,3	270	69	0.00148408761672	0.0375267603856032	1.0,1.0,0.708	0.505,0.472,0.618	0.371
3755	"TBC1D17"	"TBC1D17"	chr19	+	49881716	49882152	49881716	49881832	49882040	49882152	3755	0,8,3	4,0,7	2,3,5	0,0,0	277	69	3.36969920856e-08	1.8991624739444163e-05	0.0,1.0,0.096	1.0,1.0,1.0	-0.635
3767	"BMS1P20"	"BMS1P20"	chr22	+	22306832	22307245	22306832	22306903	22307105	22307245	3767	5,10,54	0,2,4	38,32,19	0,1,0	271	69	0.00187203049534	0.04334669394480177	1.0,0.56,0.775	1.0,0.891,1.0	-0.185
3781	"STX4"	"STX4"	chr16	+	31034012	31034291	31034012	31034114	31034203	31034291	3781	0,0,1	2,3,3	8,6,1	12,1,4	158	69	0.00014223245636	0.008350230458801667	0.0,0.0,0.127	0.225,0.724,0.098	-0.307
3809	"ATF4"	"ATF4"	chr22	+	39520558	39521671	39520558	39520749	39521353	39521671	3809	53,163,233	0,0,1	124,228,171	8,5,0	673	69	2.48190882348e-05	0.0022083974956830623	1.0,1.0,0.96	0.614,0.824,1.0	0.174
382	"MCM7"	"MCM7"	chr7	-	100099022	100099403	100099022	100099203	100099278	100099403	382	8,2,3	12,42,23	0,0,2	45,27,19	144	69	0.000343057115592	0.014537367695312121	0.242,0.022,0.059	0.0,0.0,0.048	0.092
3867	"NUP98"	"NUP98"	chr11	-	3778983	3779257	3778983	3779049	3779155	3779257	3867	6,5,5	7,36,36	2,1,1	32,51,17	175	69	0.000375757772158	0.015458181050237137	0.253,0.052,0.052	0.024,0.008,0.023	0.101
3885	"TMEM214"	"TMEM214"	chr2	+	27037814	27038237	27037814	27037892	27038145	27038237	3885	0,4,3	4,1,3	5,3,6	0,0,2	322	69	0.000228607524725	0.011402053180089381	0.0,0.462,0.176	1.0,1.0,0.391	-0.584
3893	"TENT2"	"TENT2"	chr5	+	79612416	79613075	79612416	79612691	79613010	79613075	3893	15,68,79	0,0,0	92,57,43	10,0,0	388	69	0.000147377054397	0.008563062665788577	1.0,1.0,1.0	0.621,1.0,1.0	0.126
3903	"SCAF1"	"SCAF1"	chr19	+	49646107	49646564	49646107	49646202	49646525	49646564	3903	0,19,5	4,22,19	0,2,14	54,29,26	392	69	0.00181707521595	0.0426709829878925	0.0,0.132,0.044	0.0,0.012,0.087	0.026
3940	"HERC4"	"HERC4"	chr10	-	68038092	68038532	68038092	68038169	68038430	68038532	3940	4,2,4	0,0,0	3,8,4	5,0,3	330	69	4.02894079654e-07	0.00013750239621563835	1.0,1.0,1.0	0.111,1.0,0.218	0.557
3948	"ANKRD28"	"ANKRD28"	chr3	-	15796395	15797979	15796395	15796549	15797048	15797979	3948	1008,1257,1865	10,3,4	4133,3311,477	0,1,0	568	69	0.00145537822491	0.03728414397996709	0.925,0.981,0.983	1.0,0.998,1.0	-0.036
4082	"LINC01089"	"LINC01089"	chr12	-	121795266	121796242	121795266	121795533	121796190	121796242	4082	103,618,542	0,0,1	449,584,406	2,11,0	726	69	0.000132009389415	0.008000052889709031	1.0,1.0,0.981	0.955,0.835,1.0	0.064
4171	"LIN54"	"LIN54"	chr4	-	82939538	82939957	82939538	82939736	82939888	82939957	4171	0,16,33	49,59,82	6,42,15	261,245,56	221	69	0.00208504865112	0.04485242060195542	0.0,0.078,0.112	0.007,0.051,0.077	0.018
4185	"IDS"	"IDS"	chrX	-	149504156	149504509	149504156	149504293	149504397	149504509	4185	11,19,24	0,0,0	8,16,54	8,1,1	173	69	7.39559138142e-05	0.0054131887046341715	1.0,1.0,1.0	0.285,0.865,0.956	0.298
4196	"BSG"	"BSG"	chr19	+	582305	582613	582305	582330	582517	582613	4196	6,41,61	0,0,0	104,25,68	8,0,0	256	69	0.000828497016728	0.02470586871047094	1.0,1.0,1.0	0.778,1.0,1.0	0.074
42	"RHBDF2"	"RHBDF2"	chr17	-	76487711	76488132	76487711	76487851	76487973	76488132	42	2,6,26	0,9,2	22,29,8	0,2,0	191	69	0.00145121431981	0.03728414397996709	1.0,0.194,0.824	1.0,0.84,1.0	-0.274
4290	"WHAMM"	"WHAMM"	chr15	+	82826387	82826846	82826387	82826496	82826750	82826846	4290	0,0,10	2,5,8	0,0,0	2,34,1	323	69	0.000713805642283	0.022350047777261045	0.0,0.0,0.211	0.0,0.0,0.0	0.07
4293	"JMJD1C"	"JMJD1C"	chr10	-	63215262	63215617	63215262	63215455	63215548	63215617	4293	2,5,9	1,1,0	18,1,0	6,6,3	162	69	4.0568060218e-05	0.003313646194038377	0.46,0.68,1.0	0.561,0.066,0.0	0.504
4295	"JMJD1C"	"JMJD1C"	chr10	-	63219507	63219983	63219507	63219599	63219877	63219983	4295	2,0,2	1,2,0	18,4,6	0,3,0	347	69	0.00213354727898	0.04520553558019278	0.285,0.0,1.0	1.0,0.21,1.0	-0.308
430	"RAB24"	"RAB24"	chr5	-	177303171	177303744	177303171	177303320	177303406	177303744	430	8,21,28	6,1,4	10,18,22	0,0,0	155	69	1.07602951938e-06	0.00020892733787753335	0.372,0.903,0.757	1.0,1.0,1.0	-0.323
4315	"MARCHF7"	"MARCHF7"	chr2	+	159747804	159748903	159747804	159748113	159748489	159748903	4315	21,38,37	0,0,0	76,78,21	8,0,0	445	69	0.000624449946024	0.02073613943743429	1.0,1.0,1.0	0.596,1.0,1.0	0.135
4317	"MARCHF7"	"MARCHF7"	chr2	+	159747804	159748903	159747804	159748113	159748818	159748903	4317	27,38,37	0,0,2	103,80,21	4,6,2	774	69	0.000969332504127	0.027435364678255605	1.0,1.0,0.623	0.697,0.543,0.483	0.3
4354	"MADD"	"MADD"	chr11	+	47295495	47295765	47295495	47295579	47295717	47295765	4354	6,9,5	0,0,0	15,2,4	8,1,1	207	69	2.91569435262e-10	5.47761779045544e-07	1.0,1.0,1.0	0.385,0.4,0.571	0.548
4375	"AGL"	"AGL"	chr1	+	99875157	99875455	99875157	99875256	99875357	99875455	4375	0,1,0	4,19,23	13,1,2	31,16,20	170	69	9.3694314717e-05	0.006474014393813032	0.0,0.021,0.0	0.145,0.025,0.039	-0.063
4390	"PHF14"	"PHF14"	chr7	+	11061798	11062085	11061798	11061851	11061963	11062085	4390	12,4,7	0,0,0	0,18,0	15,6,2	181	69	9.13713549267e-14	5.149689563668811e-10	1.0,1.0,1.0	0.0,0.534,0.0	0.822
4401	"TECPR2"	"TECPR2"	chr14	+	102497468	102497719	102497468	102497482	102497569	102497719	4401	16,132,205	0,0,3	166,218,202	18,4,1	156	69	0.000216273931928	0.010926607102352107	1.0,1.0,0.968	0.803,0.96,0.989	0.072
4419	"TLK1"	"TLK1"	chr2	-	171049812	171050174	171049812	171049948	171050063	171050174	4419	33,60,64	0,0,0	284,138,21	8,9,0	184	69	3.88577135804e-05	0.003220618731457859	1.0,1.0,1.0	0.93,0.852,1.0	0.073
4442	"USP4"	"USP4"	chr3	-	49311280	49311654	49311280	49311358	49311513	49311654	4442	1,9,12	0,0,2	0,17,5	10,3,0	224	69	0.000847266386724	0.02487079872696075	1.0,1.0,0.649	0.0,0.636,1.0	0.338
4509	"ANAPC5"	"ANAPC5"	chr12	-	121331226	121331428	121331226	121331261	121331346	121331428	4509	10,15,29	0,0,0	37,15,24	6,3,2	154	69	1.1121043535e-06	0.00020892733787753335	1.0,1.0,1.0	0.734,0.691,0.843	0.244
4516	"SIN3A"	"SIN3A"	chr15	-	75409835	75410282	75409835	75409991	75410133	75410282	4516	13,15,19	27,65,80	4,39,10	250,142,62	211	69	0.000697586562336	0.021964233884501094	0.136,0.07,0.072	0.005,0.082,0.05	0.047
4533	"ESAM"	"ESAM"	chr11	-	124758348	124758745	124758348	124758527	124758605	124758745	4533	10,25,25	0,1,0	60,37,38	10,0,2	147	69	0.000310084820277	0.013547581760319161	1.0,0.921,1.0	0.738,1.0,0.899	0.095
4597	"HGD"	"HGD"	chr3	-	120644318	120644619	120644318	120644443	120644597	120644619	4597	21,20,15	4,2,0	32,21,10	0,0,0	223	69	0.000696895554003	0.021964233884501094	0.619,0.756,1.0	1.0,1.0,1.0	-0.208
4599	"ALG13"	"ALG13"	chrX	+	111727355	111727770	111727355	111727445	111727613	111727770	4599	3,3,2	3,4,2	0,0,1	9,2,10	237	69	0.000217136266051	0.010926607102352107	0.225,0.179,0.225	0.0,0.0,0.028	0.2
4685	"CHD4"	"CHD4"	chr12	-	6583026	6583375	6583026	6583113	6583197	6583375	4685	3,30,15	8,67,72	9,1,2	109,61,43	153	69	9.30757626527e-09	7.493928547294532e-06	0.145,0.168,0.086	0.036,0.007,0.021	0.112
4708	"HNRNPA2B1"	"HNRNPA2B1"	chr7	-	26196400	26196653	26196400	26196481	26196556	26196653	4708	9,197,161	64,591,547	50,193,204	762,709,850	144	69	0.000124557326903	0.0077351694970777575	0.063,0.138,0.124	0.03,0.115,0.103	0.026
4739	"RNF214"	"RNF214"	chr11	+	117238600	117239111	117238600	117238646	117238905	117239111	4739	3,14,9	0,0,0	19,21,2	4,2,0	328	69	0.000100194790432	0.006643503986761788	1.0,1.0,1.0	0.5,0.688,1.0	0.271
474	"TRIM5"	"TRIM5"	chr11	-	5663194	5665682	5663194	5665395	5665655	5665682	474	0,4,8	6,9,13	0,3,0	8,16,11	329	69	0.00192957856308	0.043625718250944856	0.0,0.085,0.114	0.0,0.038,0.0	0.054
481	"TMEM120A"	"TMEM120A"	chr7	-	75988082	75988341	75988082	75988148	75988251	75988341	481	6,3,2	0,0,0	0,1,0	1,3,1	172	69	1.07081010725e-12	3.0175428822305e-09	1.0,1.0,1.0	0.0,0.118,0.0	0.961
4895	"ZNF185"	"ZNF185"	chrX	+	152920300	152920748	152920300	152920492	152920706	152920748	4895	3,79,130	21,115,168	70,98,135	53,72,107	283	69	6.42402048194e-05	0.004827437258161846	0.034,0.143,0.159	0.244,0.249,0.235	-0.131
4938	"COPS6"	"COPS6"	chr7	+	100089289	100089744	100089289	100089415	100089614	100089744	4938	0,2,1	13,40,24	0,12,3	28,27,21	268	69	0.00199925965778	0.04425633315600465	0.0,0.013,0.011	0.0,0.103,0.035	-0.038
4951	"EPOR"	"EPOR"	chr19	-	11382846	11383232	11382846	11382982	11383096	11383232	4951	4,34,16	0,0,2	18,8,49	2,4,1	183	69	0.0023678292208	0.04852758359428654	1.0,1.0,0.751	0.772,0.43,0.949	0.2
4953	"EPOR"	"EPOR"	chr19	-	11382846	11383232	11382846	11383025	11383096	11383232	4953	4,34,16	0,0,0	15,8,49	4,0,4	140	69	0.000103421300645	0.006777702912037442	1.0,1.0,1.0	0.649,1.0,0.858	0.164
5030	"MTFR1L"	"MTFR1L"	chr1	+	25823018	25823323	25823018	25823128	25823287	25823323	5030	14,80,90	0,2,0	116,149,72	12,0,1	228	69	0.00199113772773	0.04425633315600465	1.0,0.924,1.0	0.745,1.0,0.956	0.074
5039	"FBRS"	"FBRS"	chr16	+	30660733	30661215	30660733	30661018	30661179	30661215	5039	1,12,19	0,1,1	19,7,34	10,2,5	230	69	0.000135719417772	0.008137389771946724	1.0,0.783,0.851	0.363,0.512,0.671	0.363
5058	"GET1"	"GET1"	chr21	+	39390697	39391476	39390697	39390863	39391226	39391476	5058	37,65,49	8,2,1	313,53,197	1,2,1	432	69	0.000268584485981	0.012306846853568424	0.425,0.838,0.887	0.98,0.809,0.969	-0.203
5104	"RBM39"	"RBM39"	chr20	-	35740524	35740879	35740524	35740597	35740823	35740879	5104	0,6,51	30,58,61	13,6,4	144,90,50	295	69	1.18373292796e-05	0.0013081409376436391	0.0,0.024,0.164	0.021,0.015,0.018	0.045
5140	"MIF4GD"	"MIF4GD"	chr17	-	75267537	75267897	75267537	75267630	75267745	75267897	5140	9,18,11	20,108,142	11,1,15	297,110,136	184	69	0.000178591860123	0.009813978535793553	0.144,0.059,0.028	0.014,0.003,0.04	0.058
5189	"FAM177A1"	"FAM177A1"	chr14	+	35046504	35046954	35046504	35046628	35046786	35046954	5189	5,14,26	0,1,0	10,15,14	6,0,1	227	69	0.00108696734284	0.0295949176050543	1.0,0.81,1.0	0.336,1.0,0.81	0.221
5199	"MAPKAPK2"	"MAPKAPK2"	chr1	+	206731838	206732259	206731838	206731919	206732205	206732259	5199	3,48,104	0,3,3	54,24,68	8,7,7	355	69	0.00201586174485	0.04425633315600465	1.0,0.757,0.871	0.567,0.4,0.654	0.336
5203	"POLG"	"POLG"	chr15	-	89318930	89319262	89318930	89319099	89319227	89319262	5203	0,5,6	3,15,8	0,0,0	35,1,15	197	69	2.20647061181e-05	0.002072611394693527	0.0,0.105,0.208	0.0,0.0,0.0	0.104
5304	"TMEM219"	"TMEM219"	chr16	+	29962078	29963308	29962078	29962232	29963106	29963308	5304	2,25,27	0,1,4	60,54,13	0,0,1	943	69	0.000697115948632	0.021964233884501094	1.0,0.647,0.331	1.0,1.0,0.487	-0.17
5461	"MTA1"	"MTA1"	chr14	+	105449858	105450324	105449858	105450184	105450260	105450324	5461	0,4,13	8,11,27	0,1,4	18,6,44	145	69	0.000931901615686	0.026796926051052532	0.0,0.148,0.186	0.0,0.073,0.041	0.073
5494	"PPP4R3B"	"PPP4R3B"	chr2	-	55564901	55565211	55564901	55565041	55565155	55565211	5494	9,8,8	0,1,1	15,16,12	4,6,0	183	69	0.00234255385456	0.04818479388430715	1.0,0.751,0.751	0.586,0.501,1.0	0.138
5499	"ACSBG1"	"ACSBG1"	chr15	-	78173592	78174024	78173592	78173839	78173915	78174024	5499	19,26,24	0,1,2	72,16,28	12,2,2	145	69	0.0020119615171	0.04425633315600465	1.0,0.925,0.851	0.741,0.792,0.869	0.125
5505	"POLR2G"	"POLR2G"	chr11	+	62762541	62763026	62762541	62762742	62762866	62763026	5505	1,12,30	0,0,0	43,37,10	10,4,1	193	69	1.29877197108e-07	5.630676022312985e-05	1.0,1.0,1.0	0.606,0.768,0.781	0.282
5521	"SBF1"	"SBF1"	chr22	-	50467337	50467611	50467337	50467448	50467531	50467611	5521	0,4,9	1,8,16	0,3,2	24,6,29	152	69	0.001267119489	0.03352810065729577	0.0,0.185,0.203	0.0,0.185,0.03	0.058
5538	"MTERF4"	"MTERF4"	chr2	-	241094276	241096438	241094276	241094429	241095083	241096438	5538	4,32,38	1,4,5	7,2,20	14,2,14	723	69	1.19389021624e-06	0.00021705694382995614	0.276,0.433,0.42	0.046,0.087,0.12	0.292
5670	"ANKRD9"	"ANKRD9"	chr14	-	102508474	102508813	102508474	102508549	102508640	102508813	5670	3,61,90	11,281,625	8,36,91	503,317,470	160	69	0.000796913663313	0.02401821072958325	0.105,0.086,0.058	0.007,0.047,0.077	0.039
5688	"MYL9"	"MYL9"	chr20	+	36544582	36545068	36544582	36544670	36544858	36545068	5688	7,105,221	0,3,4	111,105,156	23,3,8	257	69	0.00129619425697	0.03413715342188281	1.0,0.904,0.937	0.564,0.904,0.84	0.178
5719	"ZMYM6"	"ZMYM6"	chr1	-	35012430	35012739	35012430	35012581	35012667	35012739	5719	2,6,7	0,0,0	0,2,4	9,1,0	155	69	1.2850480224e-05	0.0013665152177823397	1.0,1.0,1.0	0.0,0.471,1.0	0.51
572	"PCID2"	"PCID2"	chr13	-	113177535	113178287	113177535	113178008	113178173	113178287	572	8,15,16	0,1,0	20,23,26	4,1,1	234	69	0.00173316235144	0.04139026700303322	1.0,0.816,1.0	0.596,0.871,0.885	0.155
5778	"PTTG1IP"	"PTTG1IP"	chr21	-	44865394	44865650	44865394	44865447	44865570	44865650	5778	4,15,19	0,0,6	33,21,18	36,13,10	192	69	0.000635938507872	0.02073613943743429	1.0,1.0,0.532	0.248,0.367,0.393	0.508
5821	"MINDY1"	"MINDY1"	chr1	-	151000937	151001314	151000937	151001128	151001249	151001314	5821	13,21,44	0,0,0	14,49,27	20,3,4	190	69	4.59695600474e-08	2.3553130947922403e-05	1.0,1.0,1.0	0.203,0.856,0.71	0.41
5825	"MINDY1"	"MINDY1"	chr1	-	151002164	151002706	151002164	151002323	151002583	151002706	5825	269,827,951	0,13,22	2000,992,1115	70,55,17	329	69	0.000971607089076	0.027435364678255605	1.0,0.93,0.901	0.857,0.791,0.932	0.084
5867	"CENPT"	"CENPT"	chr16	-	67830389	67830888	67830389	67830548	67830825	67830888	5867	1,17,42	0,0,1	43,20,40	10,1,0	346	69	0.000290047113356	0.012955630177510991	1.0,1.0,0.893	0.462,0.8,1.0	0.21
5971	"MTMR12"	"MTMR12"	chr5	-	32247731	32248126	32247731	32247818	32248001	32248126	5971	2,8,31	1,0,1	4,22,16	8,1,5	252	69	0.000586456740906	0.02004231403427833	0.354,1.0,0.895	0.12,0.858,0.467	0.268
598	"HMGN3"	"HMGN3"	chr6	-	79201244	79202389	79201244	79201726	79202275	79202389	598	22,37,44	15,18,23	35,19,21	51,39,15	618	69	9.81964904861e-05	0.006588516909281661	0.141,0.187,0.176	0.071,0.052,0.135	0.082
600	"HMGN3"	"HMGN3"	chr6	-	79201244	79202389	79201244	79201726	79202316	79202389	600	31,46,55	11,8,17	43,42,36	81,17,13	659	69	0.000499785764253	0.01853153004822308	0.228,0.376,0.253	0.053,0.206,0.225	0.124
6022	"CRBN"	"CRBN"	chr3	-	3155809	3156281	3155809	3155969	3156218	3156281	6022	16,33,41	0,2,2	48,59,24	29,12,5	318	69	1.60289315772e-05	0.0016131974708767714	1.0,0.782,0.816	0.264,0.516,0.51	0.436
6062	"PDLIM7"	"PDLIM7"	chr5	-	177490587	177490906	177490587	177490593	177490869	177490906	6062	0,11,18	19,46,68	23,28,33	41,35,105	345	69	0.00084660818531	0.02487079872696075	0.0,0.046,0.05	0.101,0.138,0.059	-0.067
6282	"CCNC"	"CCNC"	chr6	-	99550217	99550582	99550217	99550309	99550517	99550582	6282	0,2,3	3,3,0	4,2,2	1,0,0	277	69	1.98059908874e-05	0.0019245959420928689	0.0,0.142,1.0	0.499,1.0,1.0	-0.452
6326	"ACADM"	"ACADM"	chr1	+	75750450	75750891	75750450	75750546	75750769	75750891	6326	3,17,4	0,0,1	3,5,10	3,2,0	292	69	0.000291938437286	0.012955630177510991	1.0,1.0,0.486	0.191,0.371,1.0	0.308
6352	"ZBTB8OS"	"ZBTB8OS"	chr1	-	32633261	32633727	32633261	32633354	32633644	32633727	6352	2,11,8	0,2,3	26,12,3	0,0,1	359	69	0.000581987974169	0.02004231403427833	1.0,0.514,0.339	1.0,1.0,0.366	-0.171
6398	"SF3A2"	"SF3A2"	chr19	+	2247301	2247662	2247301	2247422	2247593	2247662	6398	7,10,9	0,2,0	7,5,4	8,1,6	240	69	1.2700355436e-05	0.0013665152177823397	1.0,0.59,1.0	0.201,0.59,0.161	0.546
6453	"KAT2B"	"KAT2B"	chr3	+	20148242	20148476	20148242	20148306	20148404	20148476	6453	3,7,17	0,0,1	23,2,9	4,0,2	167	69	0.000984927048647	0.027435364678255605	1.0,1.0,0.875	0.704,1.0,0.65	0.174
6511	"ZNF529-AS1"	"ZNF529-AS1"	chr19	+	36593828	36594299	36593828	36593931	36594155	36594299	6511	2,4,11	9,27,30	33,33,5	53,54,11	293	69	0.0020259286647	0.04425633315600465	0.05,0.034,0.079	0.128,0.126,0.097	-0.063
6554	"GPATCH2L"	"GPATCH2L"	chr14	+	76177991	76178322	76177991	76178042	76178207	76178322	6554	3,24,32	16,23,23	9,77,16	4,35,6	234	69	0.00190737759019	0.04334669394480177	0.052,0.235,0.291	0.399,0.393,0.44	-0.218
6604	"YEATS2"	"YEATS2"	chr3	+	183754125	183754618	183754125	183754365	183754461	183754618	6604	4,1,6	0,0,0	26,9,1	7,0,0	165	69	0.000760473554487	0.02354960963235567	1.0,1.0,1.0	0.608,1.0,1.0	0.131
6704	"TUT7"	"TUT7"	chr9	-	86309211	86309495	86309211	86309289	86309459	86309495	6704	15,6,19	0,0,0	39,27,6	9,0,0	239	69	0.000387639753015	0.015504311762638782	1.0,1.0,1.0	0.556,1.0,1.0	0.148
6728	"NBEAL2"	"NBEAL2"	chr3	+	47007073	47007350	47007073	47007155	47007240	47007350	6728	9,4,9	10,45,76	10,0,7	162,49,121	154	69	0.00137573570495	0.03573108955344793	0.287,0.038,0.05	0.027,0.0,0.025	0.108
6837	"KDM5C"	"KDM5C"	chrX	-	53210413	53210781	53210413	53210576	53210675	53210781	6837	0,2,8	1,18,18	0,0,2	15,7,11	168	69	0.00239238374066	0.04870594771418975	0.0,0.044,0.154	0.0,0.0,0.069	0.043
6891	"UNC13D"	"UNC13D"	chr17	-	75836567	75836918	75836567	75836714	75836800	75836918	6891	1,14,21	0,0,0	17,6,10	7,0,0	155	69	0.00186531299452	0.04334669394480177	1.0,1.0,1.0	0.519,1.0,1.0	0.16
6930	"ACRBP"	"ACRBP"	chr12	-	6638587	6639037	6638587	6638821	6638953	6639037	6930	1204,2443,3409	7,18,13	5378,5006,1338	87,66,11	201	69	4.14751727407e-07	0.00013750239621563835	0.983,0.979,0.989	0.955,0.963,0.977	0.019
6970	"ZFAND2B"	"ZFAND2B"	chr2	+	219207588	219208038	219207588	219207779	219207886	219208038	6970	18,10,22	21,84,79	17,16,10	201,112,46	176	69	0.00241219945254	0.04877216181417907	0.252,0.045,0.098	0.032,0.053,0.079	0.077
6979	"USP15"	"USP15"	chr12	+	62381134	62381580	62381134	62381219	62381489	62381580	6979	3,6,9	0,2,0	1,15,5	1,2,4	339	69	0.00224678093938	0.04655462269980029	1.0,0.379,1.0	0.169,0.604,0.203	0.468
6991	"CD37"	"CD37"	chr19	+	49335405	49335782	49335405	49335575	49335713	49335782	6991	27,191,201	0,5,7	198,315,183	18,15,15	207	69	0.00193661251234	0.043625718250944856	1.0,0.927,0.905	0.786,0.875,0.803	0.123
6993	"CD37"	"CD37"	chr19	+	49337924	49338285	49337924	49338029	49338155	49338285	6993	2,5,3	0,0,0	8,2,6	8,2,0	195	69	2.90886858711e-06	0.00045539953769311	1.0,1.0,1.0	0.261,0.261,1.0	0.493
7051	"L3MBTL1"	"L3MBTL1"	chr20	+	43515918	43516177	43515918	43516013	43516092	43516177	7051	2,3,11	0,0,1	1,0,4	10,1,0	148	69	1.55840165345e-05	0.001596936676153491	1.0,1.0,0.837	0.045,0.0,1.0	0.597
7123	"KIF2A"	"KIF2A"	chr5	+	62361465	62361790	62361465	62361529	62361727	62361790	7123	122,775,748	0,9,4	563,673,559	29,7,7	267	69	0.000236373406549	0.01148448723543245	1.0,0.957,0.98	0.834,0.961,0.954	0.063
7133	"FURIN"	"FURIN"	chr15	+	90880690	90881036	90880690	90880815	90880929	90881036	7133	8,98,108	92,285,334	45,74,76	678,351,203	183	69	0.00122522678115	0.03270562213926188	0.032,0.115,0.109	0.024,0.074,0.124	0.011
7148	"CIRBP"	"CIRBP"	chr19	+	1270927	1271365	1270927	1271036	1271328	1271365	7148	0,219,253	6,7,2	64,254,352	0,3,2	361	69	0.000817890592985	0.024519315862039683	0.0,0.857,0.96	1.0,0.942,0.971	-0.365
7167	"LDLRAP1"	"LDLRAP1"	chr1	+	25565172	25565474	25565172	25565207	25565361	25565474	7167	2,25,34	0,0,0	23,30,21	10,7,3	223	69	1.01188923907e-09	1.4257519378496302e-06	1.0,1.0,1.0	0.416,0.57,0.684	0.443
7172	"SETD3"	"SETD3"	chr14	-	99458820	99459185	99458820	99458911	99459112	99459185	7172	8,23,32	8,0,3	23,64,18	0,1,1	270	69	0.000575702067558	0.020028746004672148	0.204,1.0,0.732	1.0,0.942,0.821	-0.276
748	"BRD1"	"BRD1"	chr22	-	49787389	49787887	49787389	49787494	49787576	49787887	748	4,7,6	0,3,2	8,20,8	0,0,0	151	69	0.00166294949182	0.040398204034041034	1.0,0.516,0.578	1.0,1.0,1.0	-0.302
819	"SNHG7"	"SNHG7"	chr9	-	136724593	136725110	136724593	136724939	136725054	136725110	819	5,121,127	0,9,8	174,135,79	61,27,16	184	69	8.82827833881e-06	0.0010365870149486075	1.0,0.834,0.856	0.517,0.652,0.649	0.291
949	"TMUB2"	"TMUB2"	chr17	+	44189021	44189588	44189021	44189299	44189423	44189588	949	6,40,25	0,1,1	39,20,46	7,0,3	193	69	0.00158877793845	0.039273475706597366	1.0,0.935,0.899	0.666,1.0,0.846	0.107
950	"TMUB2"	"TMUB2"	chr17	+	44190500	44191929	44190500	44190886	44191105	44191929	950	4,43,44	0,1,2	38,42,38	17,5,2	288	69	0.000565195968043	0.019909027974314677	1.0,0.912,0.841	0.349,0.668,0.82	0.305
