ID	GeneID	geneSymbol	chr	strand	longExonStart_0base	longExonEnd	shortES	shortEE	flankingES	flankingEE	ID	IJC_SAMPLE_1	SJC_SAMPLE_1	IJC_SAMPLE_2	SJC_SAMPLE_2	IncFormLen	SkipFormLen	PValue	FDR	IncLevel1	IncLevel2	IncLevelDifference
11947	"CTSA"	"CTSA"	chr20	+	45891547	45891762	45891568	45891762	45890143	45891425	11947	2,0,357	4,6,4146	0,2,0	22,1014,725	90	69	2.23722461457e-06	0.0034427690783068628	0.277,0.0,0.062	0.0,0.002,0.0	0.112
11948	"CTSA"	"CTSA"	chr20	+	45891547	45891762	45891568	45891762	45891334	45891379	11948	2,0,359	8,3,5622	0,5,2	25,258,176	90	69	2.03086363545e-05	0.023452287550259455	0.161,0.0,0.047	0.0,0.015,0.009	0.061
13903	"RPS4X"	"RPS4X"	chrX	-	72275052	72275174	72275052	72275150	72275543	72275724	13903	28,9,0	162,42,171	8,0,0	331,328,311	93	69	6.24746920863e-11	6.729773831536236e-07	0.114,0.137,0.0	0.018,0.0,0.0	0.078
14316	"NAP1L1"	"NAP1L1"	chr12	-	76049199	76049300	76049199	76049250	76049755	76049785	14316	114,0,2153	273,5,5705	163,317,270	774,2339,3385	119	69	8.55262380695e-07	0.0015354810608077566	0.195,0.0,0.18	0.109,0.073,0.044	0.05
14403	"SUMF2"	"SUMF2"	chr7	+	56074173	56074639	56074585	56074639	56072996	56073111	14403	2,5,54	0,0,2	8,20,24	0,7,10	138	69	3.05060611832e-05	0.028574894875254813	1.0,1.0,0.931	1.0,0.588,0.545	0.266
1965	"FIP1L1"	"FIP1L1"	chr4	+	53399729	53399839	53399735	53399839	53391008	53391139	1965	9,7,142	0,0,2	57,102,83	14,4,7	75	69	5.52143792554e-06	0.007930257244522251	1.0,1.0,0.985	0.789,0.959,0.916	0.107
26325	"SRSF7"	"SRSF7"	chr2	-	38746693	38747130	38746693	38746747	38748046	38748157	26325	0,0,0	16,15,5	0,7,7	10,13,22	138	69	1.12577289489e-05	0.014266853675005978	0.0,0.0,0.0	0.0,0.212,0.137	-0.116
4516	"MFSD11"	"MFSD11"	chr17	+	76776405	76776541	76776410	76776541	76774996	76775171	4516	133,6,99	0,0,3	152,154,168	10,11,10	74	69	3.26780518792e-05	0.029333997903561865	1.0,1.0,0.969	0.934,0.929,0.94	0.055
6634	"TASOR"	"TASOR"	chr3	-	56620131	56623843	56620131	56623566	56624478	56624643	6634	17,9,64	6,0,5	29,38,69	0,0,0	138	69	6.02992188758e-06	0.00811928982162647	0.586,1.0,0.865	1.0,1.0,1.0	-0.183
