ID	GeneID	geneSymbol	chr	strand	longExonStart_0base	longExonEnd	shortES	shortEE	flankingES	flankingEE	ID	IJC_SAMPLE_1	SJC_SAMPLE_1	IJC_SAMPLE_2	SJC_SAMPLE_2	IncFormLen	SkipFormLen	PValue	FDR	IncLevel1	IncLevel2	IncLevelDifference
11463	"RIPOR2"	"RIPOR2"	chr6	-	24839365	24840775	24839365	24839596	24842861	24843554	11463	130,8,927	0,0,2	118,844,999	7,6,6	1248	69	4.25048822892e-05	0.038398426351521006	1.0,1.0,0.962	0.482,0.886,0.902	0.231
11947	"CTSA"	"CTSA"	chr20	+	45891547	45891762	45891568	45891762	45890143	45891425	11947	2,0,357	4,6,4146	0,2,0	22,1014,725	90	69	2.23722461457e-06	0.004024580646226882	0.277,0.0,0.062	0.0,0.002,0.0	0.112
11948	"CTSA"	"CTSA"	chr20	+	45891547	45891762	45891568	45891762	45891334	45891379	11948	2,0,359	8,3,5622	0,5,2	25,258,176	90	69	2.03086363545e-05	0.026263695898957988	0.161,0.0,0.047	0.0,0.015,0.009	0.061
13903	"RPS4X"	"RPS4X"	chrX	-	72275052	72275174	72275052	72275150	72275543	72275724	13903	28,9,0	162,42,171	8,0,0	331,328,311	93	69	6.24746920863e-11	6.743205890334791e-07	0.114,0.137,0.0	0.018,0.0,0.0	0.078
14316	"NAP1L1"	"NAP1L1"	chr12	-	76049199	76049300	76049199	76049250	76049755	76049785	14316	114,0,2153	273,5,5705	163,317,270	774,2339,3385	119	69	8.55262380695e-07	0.0016784135465511786	0.195,0.0,0.18	0.109,0.073,0.044	0.05
1965	"FIP1L1"	"FIP1L1"	chr4	+	53399729	53399839	53399735	53399839	53391008	53391139	1965	9,7,142	0,0,2	57,102,83	14,4,7	75	69	5.52143792554e-06	0.007946085366575465	1.0,1.0,0.985	0.789,0.959,0.916	0.107
25402	"XRN2"	"XRN2"	chr20	+	21333684	21333994	21333936	21333994	21333543	21333618	25402	18,17,25	0,0,1	2,16,36	0,5,4	321	69	4.33003811123e-05	0.038398426351521006	1.0,1.0,0.843	1.0,0.408,0.659	0.259
4516	"MFSD11"	"MFSD11"	chr17	+	76776405	76776541	76776410	76776541	76774996	76775171	4516	133,6,99	0,0,3	152,154,168	10,11,10	74	69	3.26780518792e-05	0.03420072239342071	1.0,1.0,0.969	0.934,0.929,0.94	0.055
6634	"TASOR"	"TASOR"	chr3	-	56620131	56623843	56620131	56623566	56624478	56624643	6634	27,18,135	6,0,5	40,107,171	0,0,0	346	69	3.97578623723e-06	0.00613037839307743	0.473,1.0,0.843	1.0,1.0,1.0	-0.228
