10307	"C9orf78"	"C9orf78"	chr9	-	129834706	129834766	129833657	129833709	129835138	129835275	10307	4,3,50	0,0,10	13,46,38	0,0,0	129	69	1.64612589945e-05	0.02281263557302654	1.0,1.0,0.728	1.0,1.0,1.0	-0.091
12004	"ST3GAL6"	"ST3GAL6"	chr3	+	98771120	98771190	98770878	98770956	98772812	98772916	12004	0,0,10	92,2,142	13,25,7	73,113,76	138	69	5.29407695182e-06	0.011310795407563428	0.0,0.0,0.034	0.082,0.1,0.044	-0.064
12124	"NAP1L1"	"NAP1L1"	chr12	-	76068908	76068994	76067370	76067473	76084566	76084685	12124	2441,41,12369	7,0,289	3948,8258,13495	30,65,94	138	69	1.16149720952e-08	4.9630775762789596e-05	0.994,1.0,0.955	0.985,0.985,0.986	-0.002
12699	"MBOAT2"	"MBOAT2"	chr2	-	8943186	8943264	8908620	8908716	9003539	9003684	12699	149,1,634	7,0,20	338,820,1100	0,10,9	138	69	1.54510332211e-05	0.02281263557302654	0.914,1.0,0.941	1.0,0.976,0.984	-0.035
15411	"PRKAA1"	"PRKAA1"	chr5	-	40780032	40780338	40777444	40777586	40798062	40798177	15411	6,0,43	32,1,620	11,67,55	113,406,162	138	69	6.69677291021e-06	0.013735349109757117	0.086,0.0,0.034	0.046,0.076,0.145	-0.049
16266	"GNPDA2"	"GNPDA2"	chr4	-	44710952	44711137	44707751	44707926	44726473	44726634	16266	11,8,66	0,0,1	8,46,32	0,5,6	138	69	3.23360644354e-05	0.039844539965125346	1.0,1.0,0.971	1.0,0.821,0.727	0.141
1765	"RPS27"	"RPS27"	chr1	+	153990913	153991034	153990754	153990802	153991114	153991223	1765	54,0,173	173,20,1138	38,73,74	203,852,1136	138	69	3.26365293419e-05	0.039844539965125346	0.135,0.0,0.071	0.086,0.041,0.032	0.016
2498	"TPT1"	"TPT1"	chr13	-	45340711	45340785	45339993	45340184	45341041	45341183	2498	1992,77,4437	41,0,171	2362,5903,4564	33,87,85	138	69	3.74705846751e-06	0.008353659564349686	0.96,1.0,0.928	0.973,0.971,0.964	-0.007
26161	"STXBP2"	"STXBP2"	chr19	+	7643164	7643245	7642982	7643048	7644613	7644752	26161	364,8,3200	0,0,495	319,2036,2203	0,4,4	138	69	2.54463117244e-13	4.759163729772992e-09	1.0,1.0,0.764	1.0,0.996,0.996	-0.076
26936	"MMD"	"MMD"	chr17	-	55407745	55407820	55403766	55403868	55411256	55411417	26936	1921,2,13267	4,0,174	2248,7354,7978	62,182,126	138	69	1.44828953497e-07	0.0004950832946341448	0.996,1.0,0.974	0.948,0.953,0.969	0.033
28466	"TIA1"	"TIA1"	chr2	-	70225327	70225393	70224423	70224629	70227734	70227822	28466	10,0,43	112,2,347	60,41,62	133,255,251	135	69	1.57449390504e-05	0.02281263557302654	0.044,0.0,0.06	0.187,0.076,0.112	-0.09
3115	"MBNL1"	"MBNL1"	chr3	+	152446703	152446757	152445281	152445539	152447619	152447773	3115	25,0,330	1913,4,10448	78,230,298	2146,6069,5874	123	69	2.9956682439e-05	0.0384014712185541	0.007,0.0,0.017	0.02,0.021,0.028	-0.015
3135	"MBNL1"	"MBNL1"	chr3	+	152456266	152456361	152455541	152455577	152459270	152459345	3135	1443,57,7807	50,0,325	2934,5036,7325	28,141,126	138	69	4.50969336319e-08	0.00016517074063637888	0.935,1.0,0.923	0.981,0.947,0.967	-0.012
3502	"UIMC1"	"UIMC1"	chr5	-	176919169	176919251	176911310	176911389	176943334	176943488	3502	6,0,22	76,1,546	22,30,39	54,285,278	138	69	1.82415840544e-07	0.0005502090964549497	0.038,0.0,0.02	0.169,0.05,0.066	-0.076
3519	"SEPTIN6"	"SEPTIN6"	chrX	-	119625334	119625379	119616945	119620051	119629317	119629508	3519	291,6,2118	40,0,7	296,940,881	0,4,1	114	69	1.65090394577e-07	0.0005290734420206408	0.815,1.0,0.995	1.0,0.993,0.998	-0.06
40492	"TPT1"	"TPT1"	chr13	-	45340711	45340820	45339993	45340184	45341041	45341284	40492	1250,44,2527	41,0,171	1400,4788,2952	33,87,85	138	69	3.718599349e-06	0.008353659564349686	0.938,1.0,0.881	0.955,0.965,0.946	-0.016
40717	"ATG5"	"ATG5"	chr6	-	106280214	106280249	106279660	106279823	106293027	106293106	40717	0,0,1	28,2,22	14,21,20	16,61,71	104	69	7.07095637598e-09	3.625703591347505e-05	0.0,0.0,0.029	0.367,0.186,0.157	-0.227
4107	"SNX19"	"SNX19"	chr11	-	130880621	130880806	130879623	130879711	130903254	130903384	4107	13,8,86	0,0,0	18,47,128	0,7,7	138	69	1.77916844203e-05	0.024007537114086916	1.0,1.0,1.0	1.0,0.77,0.901	0.11
41254	"CENPC"	"CENPC"	chr4	-	67537858	67537976	67530814	67530914	67539839	67539934	41254	0,0,0	1,8,3	0,1,12	4,2,14	138	69	1.63310718303e-05	0.02281263557302654	0.0,0.0,0.0	0.0,0.2,0.3	-0.167
41664	"TAF11"	"TAF11"	chr6	-	34883398	34883480	34882931	34883080	34887786	34888071	41664	0,0,0	4,7,21	0,11,5	2,9,11	138	69	7.27966588343e-07	0.0020737341546597596	0.0,0.0,0.0	0.0,0.379,0.185	-0.188
41666	"TAF11"	"TAF11"	chr6	-	34883398	34883610	34882931	34883080	34887786	34888071	41666	0,0,0	4,7,21	3,11,6	2,9,11	138	69	2.20504670079e-09	1.2562886069967559e-05	0.0,0.0,0.0	0.429,0.379,0.214	-0.341
4434	"ST3GAL3"	"ST3GAL3"	chr1	+	43879334	43879507	43838218	43838311	43894382	43894477	4434	36,0,45	124,3,474	3,16,19	117,198,417	138	69	8.58973492568e-06	0.016312861038858064	0.127,0.0,0.045	0.013,0.039,0.022	0.033
46830	"RAB7A"	"RAB7A"	chr3	+	128797144	128797218	128795359	128795420	128797942	128798069	46830	2,0,2	140,3,1584	20,25,28	247,857,656	138	69	3.64274814714e-05	0.0424512622710797	0.007,0.0,0.001	0.039,0.014,0.021	-0.022
47925	"NAP1L1"	"NAP1L1"	chr12	-	76068908	76068984	76067370	76067473	76074202	76074239	47925	2062,41,11591	46,0,134	3414,7592,12421	8,27,56	138	69	5.01820807131e-14	2.5731363706449157e-09	0.957,1.0,0.977	0.995,0.993,0.991	-0.015
47926	"NAP1L1"	"NAP1L1"	chr12	-	76068908	76068984	76067370	76067473	76084566	76084685	47926	2032,41,11455	7,0,289	3394,7526,12368	30,65,94	138	69	1.28877217787e-08	5.083314014804778e-05	0.993,1.0,0.952	0.983,0.983,0.985	-0.002
47928	"NAP1L1"	"NAP1L1"	chr12	-	76068908	76068989	76067370	76067473	76074202	76074239	47928	2261,41,11942	46,0,134	3627,7858,12775	8,27,56	138	69	2.78443934576e-13	4.759163729772992e-09	0.961,1.0,0.978	0.996,0.993,0.991	-0.014
47930	"NAP1L1"	"NAP1L1"	chr12	-	76068908	76068991	76067370	76067473	76074202	76074239	47930	2314,41,12043	46,0,134	3712,7978,12981	8,27,56	138	69	4.057865155e-13	5.2017773421945e-09	0.962,1.0,0.978	0.996,0.993,0.991	-0.013
47932	"NAP1L1"	"NAP1L1"	chr12	-	76068908	76069015	76067370	76067473	76074202	76074239	47932	2460,41,12454	46,0,134	3957,8314,13570	8,27,56	138	69	1.96176408451e-12	1.4456407118982188e-08	0.964,1.0,0.979	0.996,0.994,0.992	-0.013
47934	"NAP1L1"	"NAP1L1"	chr12	-	76068908	76069023	76067370	76067473	76074202	76074239	47934	2460,41,12454	46,0,134	3957,8314,13570	8,27,56	138	69	1.96176408451e-12	1.4456407118982188e-08	0.964,1.0,0.979	0.996,0.994,0.992	-0.013
47936	"NAP1L1"	"NAP1L1"	chr12	-	76068908	76069059	76067370	76067473	76074202	76074239	47936	2460,41,12456	46,0,134	3957,8314,13570	8,27,56	138	69	1.97353244857e-12	1.4456407118982188e-08	0.964,1.0,0.979	0.996,0.994,0.992	-0.013
48992	"IRF2"	"IRF2"	chr4	-	184473968	184474259	184428977	184429070	184474378	184474550	48992	26,0,3	31,4,146	0,4,0	34,148,110	138	69	7.8219714208e-06	0.015426131022036185	0.295,0.0,0.01	0.0,0.013,0.0	0.097
49043	"RAP1A"	"RAP1A"	chr1	+	111699486	111699607	111697440	111697497	111703335	111703476	49043	19,0,4	185,4,1493	55,34,46	437,802,834	138	69	4.66751526318e-10	2.9916439079352205e-06	0.049,0.0,0.001	0.059,0.021,0.027	-0.019
51107	"GPD2"	"GPD2"	chr2	+	156470383	156470476	156436378	156436513	156476097	156476207	51107	34,0,37	106,1,380	3,11,15	84,232,217	138	69	2.06377159589e-05	0.027133833936116833	0.138,0.0,0.046	0.018,0.023,0.033	0.037
51669	"EGFL7"	"EGFL7"	chr9	+	136663407	136663498	136662915	136663108	136664691	136664785	51669	0,0,6	40,10,57	2,9,7	5,20,21	138	69	1.35989482043e-05	0.021130292973445056	0.0,0.0,0.05	0.167,0.184,0.143	-0.148
51671	"EGFL7"	"EGFL7"	chr9	+	136663407	136663610	136662915	136663108	136664691	136664785	51671	0,0,6	40,10,57	2,9,7	5,20,21	138	69	1.35989482043e-05	0.021130292973445056	0.0,0.0,0.05	0.167,0.184,0.143	-0.148
51855	"TLK1"	"TLK1"	chr2	-	171022871	171022997	171014850	171014948	171028338	171028405	51855	6,0,48	520,1,1772	51,54,61	637,1054,1811	138	69	1.10062260352e-05	0.018811841539363838	0.006,0.0,0.013	0.038,0.025,0.017	-0.02
51856	"TLK1"	"TLK1"	chr2	-	171022871	171023120	171014850	171014948	171028338	171028405	51856	6,0,39	520,1,1772	54,48,59	637,1054,1811	138	69	8.0141609482e-07	0.002162811140946859	0.006,0.0,0.011	0.041,0.022,0.016	-0.021
55375	"TAOK1"	"TAOK1"	chr17	+	29491283	29491330	29489663	29489757	29491783	29491865	55375	0,0,19	171,6,634	29,21,45	224,315,539	116	69	1.05135244954e-08	4.900831654783004e-05	0.0,0.0,0.018	0.072,0.038,0.047	-0.046
57174	"CELF1"	"CELF1"	chr11	-	47495942	47496052	47488836	47489024	47499452	47499604	57174	0,0,2	2,14,12	12,4,3	1,15,5	138	69	3.56749921275e-05	0.0424512622710797	0.0,0.0,0.077	0.857,0.118,0.231	-0.376
5743	"LIMS1"	"LIMS1"	chr2	+	108659604	108659764	108588305	108588628	108670780	108670847	5743	5081,3,36785	168,0,569	8030,18156,15723	90,305,163	138	69	9.85216870497e-06	0.017419993190208337	0.938,1.0,0.97	0.978,0.967,0.98	-0.006
57520	"MMD"	"MMD"	chr17	-	55407717	55407820	55403766	55403868	55411256	55411417	57520	535,1,5846	4,0,174	652,3536,3625	62,182,126	138	69	2.25404693832e-06	0.005778925540464816	0.985,1.0,0.944	0.84,0.907,0.935	0.082
57524	"MMD"	"MMD"	chr17	-	55407745	55407815	55403766	55403868	55411256	55411417	57524	441,1,7251	4,0,174	477,4090,4760	62,182,126	138	69	3.58962096214e-06	0.008353659564349686	0.982,1.0,0.954	0.794,0.918,0.95	0.091
699	"PRRC2B"	"PRRC2B"	chr9	+	131474453	131476535	131473507	131473724	131477743	131477949	699	27,0,144	2,8,5	7,74,65	0,0,0	138	69	1.35867117955e-05	0.021130292973445056	0.871,0.0,0.935	1.0,1.0,1.0	-0.398
8626	"UQCRH"	"UQCRH"	chr1	+	46309100	46309127	46303697	46303820	46310154	46310316	8626	399,8,3499	0,0,31	339,1785,1822	19,23,37	96	69	9.81852291826e-06	0.017419993190208337	1.0,1.0,0.988	0.928,0.982,0.973	0.035
